   4.9041286e-01  -1.3114449e-01  -1.2732026e-01  -3.6303052e-01  -6.6596162e-01   1.8028742e+00   1.6155391e+00   3.7731946e-01  -2.8786710e-01   5.7602280e-01   5.6923890e-01   1.4941144e-01   3.3807978e-01   5.2072424e-01   3.4678662e-01  -4.6484104e-01  -6.8882525e-01  -3.6647001e-01   3.4330779e-01  -8.9044160e-01  -8.6313617e-01  -2.3116663e-01   1.2947212e-01  -1.0551689e+00  -8.9194012e-01  -6.2098634e-01   3.9583692e-01  -1.1466433e+00  -7.3727101e-01  -3.4109008e-01   1.2730853e-01  -9.4254428e-01
   1.0349743e+00  -4.8807076e-01  -1.9049318e-01   2.4406078e-01  -2.0667114e+00  -4.5643908e-01   6.2400544e-01  -6.8874792e-03   5.1529568e-02  -1.1687595e+00   6.6533729e-02   3.5499042e-01  -2.9148296e-01   6.0861111e-01   1.6201955e-01  -2.8547674e-01  -2.2713085e-01   4.9148526e-02   3.0050552e-01   8.5721833e-01  -1.9762461e-01   3.1652701e-01   1.0178330e+00   9.7130859e-01  -1.4432192e-01  -3.1529590e-01  -1.6443330e+00   1.3461895e-01  -8.1631377e-02   2.5846913e-01   9.1530639e-01   9.5510930e-01
  -1.5861331e-01  -5.4620606e-01   8.1164384e-01   3.6963052e-01   3.3053842e-01  -9.1147178e-01   6.9843096e-01   1.3062429e+00  -3.8885760e-01   7.3384005e-01  -5.1849687e-01  -1.1685266e+00  -7.2929710e-01  -2.5017723e-01   8.9157611e-01  -6.2223637e-01   1.3198203e-01   7.1897566e-01   3.8381723e-01   3.0185720e-01  -7.4112922e-01   9.8218399e-01   6.8747692e-02   7.8759485e-01  -1.4508854e+00   3.2446763e-01  -5.2947980e-01   7.6563662e-01   2.2453415e-01   1.0692071e+00   5.8025318e-01   3.5699266e-01
   8.6056697e-01   2.0733819e+00   7.8832984e-01  -2.1536507e-01  -1.2741640e+00   6.8563610e-02   5.0230619e-02   4.0779692e-01  -4.4758115e-02   5.4344851e-01   2.0659603e-01  -7.0431858e-02   1.0960937e-01  -5.2604038e-01  -2.3122121e-01   7.0501991e-02   1.5356371e-01  -4.5339873e-01   1.2043798e+00   5.4496175e-01   5.8866087e-02  -6.0182858e-01   1.8887948e+00   3.1168973e-01  -2.2692969e-02   2.5497279e-01  -8.3624560e-01  -5.4512806e-02  -2.0337665e-01  -2.1104874e-01   7.0733970e-01  -6.6515952e-01
   6.4539276e-02   5.4804093e-01   2.6531705e-01   1.1962608e-01  -3.8420370e-01   3.9631587e-01  -1.8927534e-03   2.8672773e-01  -2.2286472e+00  -2.4761118e-01  -8.0701327e-01   6.4168680e-01  -1.2027843e-01  -1.2447158e+00  -5.1019627e-01  -4.2792588e-01   2.6045999e-01   1.2727006e-01  -1.3235416e+00  -1.3826853e-03  -1.3377373e-01   4.6741045e-01  -2.0462625e-02  -1.2136587e+00   8.6892255e-02   6.2110710e-01  -6.3411587e-01  -1.5052408e+00  -4.6241611e-02   2.8805500e-01  -1.9338608e-02  -6.5821612e-01
   1.1547374e+00  -5.5745709e-01  -2.7526233e-01  -1.2587011e+00  -1.5470587e-01   1.0150785e+00   9.3004555e-01   4.3581185e-01  -2.1353366e-02   8.5762441e-01   8.8763797e-01   3.1130013e-01   3.9663953e-01  -2.3801683e-01  -6.1361190e-02  -4.3532401e-01  -2.8879197e-02   7.3422450e-01  -5.5446398e-01   2.1090586e-01  -3.6441911e-02  -2.6657826e-01   3.1790236e-01  -2.8083056e-02  -6.6911060e-01   1.6806211e+00  -1.6785679e+00  -6.2374991e-01  -3.9781958e-01  -5.5568540e-01   6.4886016e-01  -3.5421476e-01
   5.4042153e-02  -1.4873450e-01  -1.1302687e-02   2.4495926e+00  -4.6022039e-02   4.3654680e-02   1.9450687e-01  -6.0832411e-01   8.0223061e-02   8.8040471e-02  -9.7200572e-01  -1.4731793e-01   1.0169695e-01  -9.8708846e-02  -3.4236363e-01   3.9162377e-01   6.8254662e-01  -9.5612139e-01   4.0761854e-02   3.1094959e-01   1.2339463e+00   3.8955995e-01  -2.6434720e-01   1.5158671e-01  -1.0860552e+00   1.2290148e+00  -1.8222777e-02  -3.1799212e-01   5.2616018e-01   1.3839818e+00  -2.2591786e-01  -1.0342899e-01
   5.7546967e-01  -4.4882994e-02   7.9000646e-01  -1.9138732e+00   1.4419189e-01   2.3419535e-01   1.1002852e+00   1.6058275e-02  -3.9480779e-01  -8.8504061e-02  -7.0482248e-01   1.0469936e+00   5.7377911e-01   1.0845101e+00  -4.8936909e-01  -1.6022646e-01   1.3425609e+00   1.4678706e+00  -6.2331212e-01   1.7496720e-01   6.6591728e-01  -1.1121914e+00   2.8030702e-01   3.3156163e-01   5.7391927e-02   2.6723215e-01  -9.2397384e-02   8.9569306e-03   4.4600770e-01  -1.0455291e-01  -7.3160350e-02   1.4953950e-01
  -4.3816097e-02   2.2958651e-01   1.4961042e+00  -5.3872925e-01   3.1040197e-02   7.4012831e-02   5.7907391e-01  -3.3710843e-01  -4.5254253e-02   2.4301478e-01   1.8726597e+00  -1.1622468e+00   5.1980418e-01  -4.5670876e-01  -5.0754424e-02  -1.5428062e-02  -2.3066862e+00  -8.5679281e-01  -2.6081955e-01  -2.2127764e-01   4.2210618e-01  -3.1984165e-01   1.4549974e-01   2.7838336e-02   8.8556218e-01  -3.7969244e-01   1.2125307e-01  -2.5620658e-03  -3.6320582e-01   5.8074307e-02  -9.1099672e-02   6.6573140e-03
   1.1798827e-01  -2.5231591e-01  -1.2132350e-01  -3.4283657e-02   4.2742631e-01   1.9322735e+00   9.4157898e-01  -8.0261701e-01  -6.9494516e-01  -1.1777568e+00  -5.0293511e-01   7.4299794e-01  -1.6894959e-01  -1.7154428e-01  -9.2673786e-02   1.4182352e-01   1.2295062e-01  -6.1081156e-02   3.5849983e-01   6.7103490e-02   4.7462004e-01  -1.4060020e-01   7.5377160e-01   4.7632563e-01  -1.3729800e-01  -5.9181565e-01   4.7898307e-01  -9.0834802e-01   1.1187776e+00  -4.3973839e-01   1.7320368e+00   7.9818106e-01
   2.1792412e-01  -7.3683256e-01  -9.8032737e-01   1.4432631e-01  -1.2658119e+00   5.0654411e-01   1.2534275e+00   1.1891156e+00   4.1139641e-01  -1.3388935e-01  -3.1633466e-01  -5.2321947e-01   1.7559841e-01  -4.0799528e-01  -6.8109447e-01  -1.4724585e-01  -9.4882083e-01  -9.0074205e-01  -5.8290914e-02  -1.0061586e+00  -3.8518831e-01   1.4223865e+00  -9.8851389e-01   5.4192764e-01  -9.8209727e-01  -5.5985266e-01  -1.4732864e-01  -9.2748332e-01  -4.6580307e-02  -5.4603416e-02   6.2579826e-02  -3.4759033e-02
   5.4901320e-01  -1.1584337e+00  -5.1383857e-02   2.2606950e+00  -3.3532447e-01  -1.1577293e-01   6.3838464e-01   1.0058909e-01   1.0592683e-01  -4.9626258e-01   6.2152687e-02   7.5899518e-01  -1.2413951e-01  -3.0502152e-01   4.0724307e-02   4.6360525e-01  -3.8082683e-01   4.8646352e-01   1.1197080e-01   3.2966134e-01   1.6752809e+00  -2.8267596e-02   5.3061759e-01  -7.5373554e-01  -1.4701076e+00  -4.4470124e-02  -5.3321469e-01   5.5868405e-01   6.9965827e-01   1.5187907e-01   2.8952134e-01  -1.4589497e-01
   4.5342103e-01   1.8946479e-01   1.3606160e+00   1.2873334e+00  -1.8001905e-01   4.8760337e-01  -1.1117955e+00   1.4393456e+00  -2.9616799e-02  -1.0435633e-01  -2.1504709e-02  -3.9537850e-01  -7.3871322e-02   1.8357769e-01  -2.4824043e-01   6.9862604e-01  -7.1071550e-02  -8.0496436e-01  -2.6797900e-01   3.3840984e-02   4.1058946e-01   4.4272155e-02  -4.8948817e-02  -9.9208079e-02   1.5888341e-01   9.0208602e-01   1.7162830e-01  -1.3995486e-01  -1.3953084e+00   1.9565204e+00   5.8563030e-01  -1.2771924e-03
   5.3323370e-01  -1.2708855e-01  -2.0973296e-01  -1.9020787e-01  -6.9010717e-01   3.1564498e-01   3.7233701e-01   9.3224518e-02  -1.5111248e+00   9.4986320e-01   8.1728917e-01   1.1181032e-01   9.5484388e-01  -1.3250897e+00  -6.8808490e-01   2.0644258e-01   1.0181071e-01   3.2026272e-02  -3.8354164e-01   3.9228454e-02   4.2586076e-01   2.7196290e-02   6.9143748e-01   5.2703035e-01   1.0877917e-01   5.9317553e-01  -6.0099453e-01   1.2283243e+00   8.4402049e-01   2.7453365e-02   1.5451218e+00   1.1891590e+00
   5.1245395e-02  -1.2347210e-01  -2.4729152e-01  -3.1723103e-01   1.1767443e-01  -1.1713691e-01  -4.6444732e-01  -2.3277175e-01   1.1166718e-01   6.0291296e-01   1.4485774e+00  -4.9518391e-01   2.7190974e-01  -8.2341599e-01  -1.8332529e+00  -1.4966923e-01  -6.7043704e-01   4.4205010e-01   4.8666006e-01  -2.1522032e-01   1.6310881e+00  -9.0968502e-01   2.8260875e-01   8.4546417e-01   2.8218231e-01  -8.9678556e-01   3.9179796e-01   2.9614839e-01   1.3140193e+00  -2.8856584e-01   6.6705398e-02   7.1973729e-01
   6.1251320e-02   3.1208158e-01  -9.3639868e-01   1.1706156e-01   3.2290787e-02  -8.3544636e-01   1.8546485e+00   3.1187284e-01   3.5087276e-02  -6.5020949e-01   1.5431138e+00   2.3093708e-01   1.8366571e-01   2.8041000e-02   1.5011375e-01  -1.9197516e-02  -2.6431030e-02  -1.2340666e+00  -4.0421686e-01  -1.6128887e-01   1.3570890e+00   1.0164592e+00   5.6774366e-01  -3.6155063e-01  -1.5188119e+00  -1.2844476e-01  -2.6994109e-01   6.2665188e-01  -2.8464677e-02   1.3682134e-01   4.7805905e-02   6.8779998e-02
   8.4443592e-02   3.6043994e-02   1.5862027e-01   1.4782983e-01  -2.4497086e-01   1.1954649e-01  -5.8222800e-01  -1.7433858e-01   5.8889830e-01   1.6108170e-01   3.5062465e-01   1.1355385e+00   1.0622952e-01   9.0304512e-01  -1.4574338e+00   1.2138880e+00   2.9007461e-02  -4.5058519e-01   9.0584612e-01  -3.0958918e-01   6.8120617e-01   3.4555426e-01  -3.3459686e-02  -3.5209277e-01  -1.2327013e+00   1.1592265e+00   7.9815626e-01   1.5402275e-01  -1.1374236e+00   1.3316660e+00   9.2789978e-01   1.0156042e-01
  -1.7507132e-02  -1.8016016e-01   8.4627676e-01   5.7027274e-01  -5.6673072e-02   3.6534807e-01  -2.0185401e+00  -9.7713608e-01   1.7179652e-01  -8.5664272e-02   1.8578607e-01   7.1678865e-01  -1.3288899e-01   1.3830961e-01  -8.1688339e-01  -6.1302102e-01  -4.3477368e-01   8.8694417e-01  -2.0999743e-01   7.9801016e-02   1.5489357e+00   1.3091171e+00   2.0232095e-01   4.0102866e-01   4.5183879e-01  -5.0652289e-01   1.3881257e-01  -6.4682469e-02  -8.7551415e-01   1.2004030e+00  -1.7965843e-01   1.7307350e-01
  -3.7753844e-01  -2.2727723e-01   3.2426256e-01  -1.8031144e-01  -4.3185705e-01  -9.3057579e-01   7.6053381e-01  -2.8185111e-02  -1.1986933e+00   1.5740205e-02   2.9992661e-01  -8.2552987e-01   1.0853193e+00   8.2309550e-01  -7.2216916e-01   4.3032831e-01   2.5233543e-01  -2.6254455e-02   1.6787371e-01  -4.2521944e-03  -5.2358568e-01   2.3416039e-01  -6.8132102e-02   6.4521092e-01  -1.4617623e+00  -3.2627851e-02  -6.6626388e-01   1.7660625e+00  -5.5892628e-01  -7.8566700e-01  -1.2735307e+00   4.1359967e-01
   1.8019767e-01   4.7527444e-01  -1.8529766e+00   2.3496751e-01  -4.1979870e-01  -2.7850580e-01   1.1191833e+00  -1.1220912e+00   3.8105097e-01  -1.0872377e-01  -1.6381940e-01   1.1543250e+00  -5.4905367e-01   2.3330104e-02  -3.2520202e-01   2.9900700e-02   1.9932255e+00   8.9092267e-01  -2.5431152e-02  -5.5814099e-01   6.1036980e-01  -1.0005722e+00  -3.6352739e-01  -1.6024508e-02  -1.5421562e-01   5.7268375e-01   1.4318591e-01   4.2140778e-02  -1.5416601e-01   7.1618295e-01   2.5585777e-01  -3.6567621e-02
  -9.5633559e-02  -2.0840533e-01   9.4833136e-02   7.1916097e-01  -2.3469962e-01  -1.5701549e-01   8.0458647e-01   8.1324297e-01   9.5971629e-02  -3.5030252e-01  -7.8007817e-01   1.5991660e+00  -1.2694748e-01  -1.6708213e-01   4.3347022e-01   1.5781176e+00   4.0805113e-01  -1.4239781e-02   2.6158363e-01  -1.8810876e-01   1.0875956e+00   1.5211334e+00   3.4024686e-02   3.4141019e-01  -1.2094524e+00   1.4832958e+00  -2.8133053e-01   1.2701948e-01  -3.5721520e-01   4.8761144e-01  -4.4720829e-02   4.5550223e-02
   7.4848682e-01   8.1205688e-02   1.8578956e-02   4.0325847e-01  -8.2961488e-01   8.0499429e-01  -3.9989230e-01  -4.2748231e-01  -1.1446037e+00  -6.0957658e-01   3.9137125e-01  -4.3685532e-01   3.6785971e-02   1.5727988e+00  -7.1425927e-01  -1.1769924e-01   5.8261913e-01  -1.7769326e-01  -6.4254075e-01  -8.1976169e-01   1.1739171e+00  -4.6558708e-02  -2.7506864e-01  -2.0848906e+00  -2.0392621e-01  -1.2358678e-01  -4.0620583e-01   5.5945832e-01  -2.0232421e-01   3.0179912e-01   6.8606615e-01   4.1275287e-01
  -4.1614589e-01   3.8248256e-01   1.4461832e-01   7.2321400e-02   1.0326444e-01   4.3305565e-02  -1.0777288e-02   2.6078677e-02   1.2041907e+00  -1.6851135e-01  -7.0250936e-02  -3.4046963e-01   2.2036779e+00  -7.9487395e-01  -2.8270006e-01  -6.0078681e-01   6.1302775e-01  -3.4225363e-01   9.6098892e-02  -3.1926426e-01   9.2473365e-02   9.2186898e-02  -3.5771632e-01   5.9650773e-01  -2.7433625e-01   2.7950609e-01  -1.0543985e+00  -2.1772220e+00   1.6885932e-01   9.8035172e-02  -6.8018717e-01   7.0829791e-01
   1.6532913e-01   1.9392696e-01  -7.4680373e-02   1.5626028e-01  -1.3980976e+00  -1.4495069e+00   7.9190582e-01  -1.1634200e+00  -9.0060568e-01   5.6220585e-01  -5.5710852e-01  -5.2003878e-01  -1.2263530e-01   2.5018901e-01  -2.6208997e-01  -1.0458090e-01  -2.9704285e-01   2.6445058e-01   3.5322380e-01   3.7167874e-01   9.0999359e-01   5.7002991e-01   6.6212744e-01  -1.3866764e+00  -4.9081209e-01  -9.4981557e-01  -1.1707588e+00   9.7024137e-01   8.2167894e-02  -4.6208414e-01  -6.2490904e-01   4.6408013e-02
   5.4213047e-01  -6.2195837e-01   1.8168551e+00   5.8997673e-01  -1.1430541e-01  -4.2021066e-01   9.9958533e-01  -4.9966151e-01   1.8318656e-01   1.9875100e-01   2.3396946e-02   1.0541376e+00   8.7533861e-01   9.4956976e-01  -1.5995394e-01  -7.3808992e-01  -1.4769355e+00   1.6673712e+00   1.1277695e+00  -2.0226580e-01   4.6114933e-01   3.6776978e-01  -1.0149684e-01  -2.5670272e-01  -6.4976513e-02  -2.5660113e-01   7.3576095e-03   1.3801467e-01  -4.6022847e-02   8.4240057e-02   9.8859556e-02  -4.6574991e-02
   1.7769752e-01  -1.8665737e-01  -5.5352443e-01   2.5069445e-01  -1.6173162e-01   8.2976915e-02   3.6986676e-01  -1.0181217e-01   4.1489935e-01  -9.6391983e-02  -7.9909962e-01   9.1907918e-02   7.8736317e-01   4.3579963e-01  -1.9261540e+00  -1.1838554e+00  -1.6585398e-01   8.8600504e-01  -1.1645145e-01  -3.1034973e-01   3.8263717e-01  -1.6362067e+00   4.5709151e-01  -7.5723386e-01  -8.7440670e-02  -1.7015780e+00   1.0081413e-01  -8.5360706e-01   3.3910692e-01   5.0511461e-01   1.6904497e-01   2.5574806e-01
  -1.4162299e-01  -3.1626701e-01   2.5973848e-01   1.7013767e-01  -6.0049623e-01  -1.3881449e+00   1.0391055e+00   1.1111672e+00  -5.9500128e-01  -9.2051631e-01   9.6608752e-01   6.8455881e-01   7.8372961e-01  -2.0769057e-01   1.8935697e-01   3.8011140e-01  -1.4128996e+00   6.2563229e-01  -1.3600696e+00   8.1704897e-01   8.9276129e-01   4.1019687e-01   1.0252804e+00   3.1051975e-01   2.1159853e-01   4.0007785e-01   2.0502768e-01   3.1819898e-01  -1.1022483e-01   4.0455145e-01  -4.1435812e-02   4.4371739e-01
   1.1309603e-01   1.3506721e-01   1.4762389e-02  -1.0825813e-02  -2.9166612e-01  -1.8166305e-01   2.1564873e-02   7.5206697e-02  -2.5186315e-01  -1.2404957e+00  -1.2947176e-01   1.5005183e-01   1.9958588e+00   2.9146863e-02  -1.6406763e-01  -3.8858801e-01  -9.3745416e-01   1.0536884e+00   1.7540185e-01   1.3242961e-01  -3.7554175e-02  -1.1639429e-01   7.3994952e-01  -3.4293136e-01  -2.4702454e-01   2.6077551e-01  -1.4556743e+00  -7.7303439e-01   1.5073103e-01  -3.2946613e-01   2.0407350e+00   4.2631799e-01
  -1.5202840e-01   1.3973781e-01  -4.3446854e-02  -4.5950577e-01   6.7844820e-01   3.2066694e-01  -1.6955677e+00   7.3954803e-01  -1.6602445e-01  -6.9294685e-01   1.6214653e+00   6.7412502e-01   1.7490374e-01  -2.6002410e-01   5.0171651e-02   4.4571561e-01  -1.2956649e+00   8.5293162e-01  -2.2154364e-01   5.7886714e-01  -2.2836693e-01  -1.5638933e+00  -4.5799547e-01  -4.5032513e-01   7.0449841e-01  -9.6515477e-01  -2.2708388e-02  -4.6547776e-01   6.5436065e-01   1.6767299e-01   2.5442979e-01  -4.0886831e-02
   4.9076065e-01  -4.0468976e-02  -8.8688207e-01   6.9436830e-01  -7.0313059e-02  -4.1858634e-01   4.3558258e-01   5.6697899e-01  -8.9959377e-01  -1.3452156e-02   1.3440593e+00  -1.0767486e+00   3.8019651e-01   2.9188198e-01  -1.0388708e+00   2.1309698e-01  -1.5684621e+00  -6.2590517e-02  -7.3557860e-01   3.3535957e-01   1.1915629e+00  -1.1038097e+00   1.6849653e-01  -8.8327730e-01  -5.4854190e-01  -9.2467165e-01  -6.9012892e-01  -2.3154533e-01   3.0735832e-01   4.3077725e-01   3.5802430e-01   9.6771084e-02
   2.8086898e-01   1.7452215e-01   1.3665451e-01  -4.0303178e-02   1.3629669e+00   7.2028136e-01   1.7404187e-01  -1.3504918e-01  -8.8795489e-01   6.1093861e-01   1.2054551e-01   1.2733835e-01  -1.8100513e+00  -3.9432430e-01  -7.1910121e-02   5.4881334e-02  -6.1846161e-01  -1.3772663e-01   7.2173315e-01  -4.4253874e-01   7.0997164e-02   1.4339432e-01  -1.6540666e-01   3.4839470e-02  -6.1056936e-01   2.5974014e-01   9.8215544e-01  -2.3154283e+00  -2.0986183e-01   9.6515715e-02   7.0127946e-01  -5.7384700e-01
   4.1013023e-01  -1.1956804e-01   2.6034549e-01  -4.4477317e-02   3.9177254e-02  -8.2005292e-02   5.1971182e-02   1.5851282e-02   2.5377980e-01  -1.1847068e+00   2.7241266e-01  -5.6120050e-01  -1.8156588e+00   1.0938300e+00  -1.0381093e+00   7.6905623e-02  -4.8405579e-01  -5.9694839e-01   3.6033005e-01  -3.5776779e-01   6.0436243e-01   1.8999772e-01  -1.0831653e+00  -1.0808561e+00  -8.3405554e-01   2.3884825e-01   1.7071019e+00   7.3894012e-01  -1.5572444e-01   2.8153637e-01   6.2494302e-01  -6.6591412e-02
  -9.0934195e-02  -1.5865037e-01   1.8347609e-01   1.1131527e-01   2.2553736e-01  -8.2393336e-01   8.6965866e-02   8.0369967e-01   4.2008492e-01  -7.7182055e-01   1.3561076e-02   8.5978305e-01   6.5358782e-01  -1.3284304e+00   7.9244770e-02   1.4093065e+00   4.3844911e-01   3.8711358e-02  -2.6335487e-02   4.4248298e-01   4.8649579e-01   1.6808492e+00   1.2465762e+00   1.4086107e+00   3.5760590e-01   3.1232232e-02   2.7105033e-01  -1.7262717e-01   9.2862874e-01   1.6083035e-01   8.2422864e-01  -2.2665299e-01
   4.2428929e-01   1.3031182e-01  -7.6535583e-01   1.0415477e-03  -3.1373051e-01   6.7375284e-01   2.4806911e-01  -1.1344045e+00   1.0991672e+00   5.2034479e-01  -1.7234268e+00  -7.3417586e-01  -5.0900966e-01  -5.3394812e-01  -4.3473080e-01  -3.4402735e-03   1.9134616e+00  -5.8577412e-01   9.9379629e-01  -9.4521832e-01   7.6623631e-01  -1.3691748e-02   4.0206739e-01  -8.1784472e-02   8.1430506e-03  -7.1442026e-01  -1.5447304e-01  -4.5900381e-01   3.0666229e-01  -1.7672935e-01   1.9636592e-01  -2.1231559e-01
  -1.3742214e-01   3.7240861e-03   3.8085231e-01   5.9557116e-01  -6.7548233e-01   1.5117717e-01   1.8589892e+00   1.3170636e+00  -2.7644986e-01  -1.8187487e-02   6.7890596e-01   5.4221100e-01   2.9914394e-01   5.9296940e-02  -2.5922471e-01  -9.8746544e-01   8.8976038e-01  -5.3015780e-02   3.3052858e-02   2.0534585e-01   2.8931388e-01  -2.0405021e-01   1.1041070e-01   7.8138225e-02  -2.0879469e+00   6.1382276e-01  -4.2471102e-01  -3.8457218e-01   5.0364472e-02   1.2936581e+00  -3.0534822e-01   1.7172283e-01
  -1.9870581e-01  -2.7978900e-01   7.6584285e-01   1.6236490e-01  -1.4293006e-01  -5.2830672e-01   1.0394858e+00   6.0005200e-01   7.7764124e-01   1.5399598e-01  -1.4465346e+00   1.1106932e+00   2.9269227e-01  -3.6032733e-02  -5.1285893e-01   3.5631198e-01   6.1884135e-01   2.5046912e-01   3.6395550e-01  -5.7875626e-02  -2.5779295e-01   1.1332754e+00   2.4191116e-01   6.4950955e-01  -1.1279075e+00  -7.4048465e-01  -7.8112060e-01   5.0132938e-02   1.5935280e+00   8.4320533e-01   9.9122256e-01  -1.3806802e-01
   1.3966900e-01  -9.2245214e-02   5.3208183e-02  -3.8278516e-02   1.4877658e-01  -5.4402030e-01  -1.3270317e-01  -5.2210193e-02  -6.2728333e-01   1.3462994e-01   9.2742488e-02   1.8620911e-01   1.1128553e+00  -1.8851503e+00  -3.3560240e-01  -1.9129719e-01   1.4926679e+00   1.6554880e-01   8.9710683e-02  -3.0968410e-01   1.6679356e-01   4.5249552e-02   5.7309635e-02   6.6948986e-01  -2.4770613e-01  -1.8425991e-01   1.5668184e+00  -6.9381541e-01  -8.3470203e-02  -2.4986614e-01   2.0713525e+00  -2.4797056e-02
   5.1324964e-01   7.8576006e-02  -8.7535441e-02   6.6321500e-02  -1.0682080e+00   8.0709851e-01   8.2705721e-02  -3.4502903e-01  -5.2620068e-02   1.7825460e+00  -2.8857318e-01  -3.6428776e-01  -1.4123793e+00   2.8443104e-01   7.6764695e-02  -3.8527471e-01  -2.8690520e-01  -1.3003805e-01  -5.6826252e-01  -1.6130567e-01  -3.8159326e-01  -3.2118254e-03  -1.3095471e+00   5.7683450e-01  -2.3847859e-01  -6.0313761e-01  -1.8107398e+00  -1.2859898e+00   4.6059184e-02   1.1980383e-01   3.9407852e-01   8.5474320e-02
   2.9338461e-01   6.8323356e-01  -4.9415611e-02  -1.7361784e-02   1.1220858e-01   1.8154506e-01  -5.5111893e-02   1.7378097e-02  -7.2167754e-01  -1.1603270e+00   2.0756324e-01   5.2118134e-02   1.7597729e+00  -1.3337502e+00  -9.4998449e-02   3.1418157e-01   2.5263217e-01   4.9034048e-02   1.8191724e-01  -1.7051850e-01  -3.7978685e-01   6.1152446e-01   8.4816402e-01   2.3717566e+00   6.2680572e-02  -2.4660803e-01  -6.3137531e-01  -9.2318249e-01   9.6821345e-02  -1.2387380e-02   3.2736394e-01  -2.7483407e-01
  -3.8144282e-01  -5.9820592e-01   6.8485343e-01   4.0779862e-01  -2.1770291e-01  -8.7476796e-01   6.9534647e-01   6.8417585e-01  -1.3407482e+00   2.8388155e-01   1.1285251e+00  -9.8192722e-01   3.9778903e-01  -5.4152286e-01  -1.1643983e-01   7.0147532e-01  -5.9368706e-01   7.0416376e-02  -5.2252024e-01   1.4627200e-01   2.6050425e-01   8.5426396e-01   3.5855600e-01   7.5709802e-01  -1.1691687e+00  -5.0240695e-01  -1.1099813e+00  -2.4815710e-01   1.2556344e+00  -5.7636052e-02   1.1323825e+00  -3.1238505e-01
  -3.1169388e-02  -8.2956001e-02  -6.9650555e-01   1.8050520e-01   9.2681549e-02  -5.8128558e-02  -2.0049357e-01  -4.8816001e-01   2.6867929e-01   6.1961764e-01   2.0356178e+00  -1.0504551e+00   4.7941417e-01   3.5525255e-03  -3.0104738e-01  -1.1944299e+00  -1.1073825e+00   5.2928668e-01   7.2533958e-02  -1.6744678e-01   9.8982340e-01  -1.6594700e+00   4.3118751e-01   2.7630657e-01  -9.7632414e-01   2.3097442e-01  -1.1147082e-01  -2.5446242e-01  -1.0103103e+00   1.6400366e-01  -7.1244180e-02  -2.4797344e-01
  -2.5283389e-02   4.4113785e-02   5.1323898e-02  -2.4675550e-02  -3.5888088e-01  -4.3694779e-01  -2.6391469e-02   5.0721449e-01   6.1320150e-03   3.9412728e-01   2.9150966e-01  -2.9813820e-01   3.6897811e-01  -1.8806231e+00  -1.4976586e+00   1.1058676e+00  -6.4149700e-02   2.6172572e-01   2.2104190e-01  -5.1202500e-01   4.2128804e-01   7.0364571e-01   3.7036127e-01   7.8588748e-01   5.0223339e-02   1.3296888e+00  -2.8222486e-01   1.2368107e+00   4.6745676e-01  -1.0559860e+00   7.8941756e-01  -8.9479524e-01
   1.3789211e-01   5.7172947e-02   5.5624801e-01   6.2296045e-01   1.2876494e-01  -2.3858158e-02   1.0400355e+00   2.6247889e-01   2.2396034e-01   1.2618940e-01   1.1003212e+00   1.1473874e+00  -2.8691435e-01  -1.7796548e-02  -1.8022684e+00  -4.8219809e-01  -4.8997688e-01  -7.0007193e-01  -1.2781005e-01   4.1240387e-02   8.6750388e-01  -1.9970587e+00  -2.2003135e-01  -5.3020097e-02  -1.3906420e+00  -3.9418072e-01  -1.2268590e-01   2.3308364e-01  -5.0158328e-01   3.7615707e-03   1.7978217e-02   7.1300112e-02
  -1.0801564e-01  -1.8420008e-01  -9.5424309e-02  -4.9584517e-03   3.5636109e-01   2.6607588e-02   9.9309832e-02  -1.9556119e-01   2.2090773e-01   7.6406497e-01   6.4000612e-01   8.1780478e-02  -1.1498510e+00  -1.6054838e+00  -1.0986106e+00   5.3101397e-01  -4.3701544e-01   9.2486346e-01   5.1070279e-01   5.3848886e-01   5.2901846e-01   5.8347017e-01  -7.4747479e-01   7.6341230e-01  -1.2255342e+00   2.2370014e-01  -1.6653834e-01  -1.9981937e+00   1.5338548e-01  -2.2850886e-01   4.5004743e-01   3.4955055e-01
  -3.9289680e-01   1.2252981e-01   1.8684798e-01  -6.2363807e-02   5.1061749e-01  -2.4160266e-01  -1.7469566e-01   2.2195007e-01  -1.6527007e+00  -2.8515807e-01   7.4574447e-01  -2.9649898e-01   1.3847854e+00  -1.0027558e+00  -3.2409725e-01   7.0996124e-01  -4.9239931e-01   6.6047840e-02  -7.0574731e-01   1.0042677e+00   4.8676857e-01   9.2975146e-01   1.5326620e+00   1.1325155e+00   4.1208470e-01   3.7796450e-01   1.0093580e+00   2.6815468e-01   3.3122087e-01  -7.1079046e-02   4.8825210e-01  -4.0113676e-01
   6.3373506e-02   1.2461922e-02  -4.1094935e-01  -2.1890526e-01  -2.6982528e-01  -2.4325734e-01   1.3529499e+00   1.6412623e+00  -7.5390540e-02  -1.2800451e-01   1.8539855e-01   8.3490723e-01   8.3241642e-02  -3.0425397e-01  -5.6535274e-01   1.2905143e+00   6.9441450e-01   1.4418188e-01   1.2717201e-01   2.6225957e-01   6.3496387e-01  -3.2764858e-01   1.8528488e-01   3.2520030e-02  -1.8006924e+00   8.7170279e-01  -4.8153558e-01  -1.4494039e-01  -3.4254420e-01  -1.6152561e+00   1.8037079e-01  -3.6977348e-01
   6.8109572e-01  -1.6010116e-01   2.5093845e-01  -7.2509015e-01   6.2216616e-01   1.3602282e+00   1.7662389e+00   2.3338979e-01   3.7238878e-01  -6.7328197e-01  -3.6730048e-01  -7.3557985e-01   4.3051314e-01  -2.7568156e-01  -6.7032814e-01   6.2357849e-03   2.7375388e-01  -1.3976421e+00   5.4466224e-01   1.0396702e+00  -1.0472257e-01  -1.3308697e+00   8.0284327e-01   8.7021464e-01  -6.4689988e-01  -1.9583832e-01   5.0466907e-01  -1.5742038e-01  -1.1428562e-01   3.7339112e-01  -7.4227400e-02  -2.1783921e-01
   9.8986574e-02  -7.8431301e-02  -2.4170686e-01   2.1506886e-01  -2.1918219e-01  -2.2647914e-01   5.5341053e-01   2.1169685e-01  -8.8477254e-01  -5.3367501e-01   2.3543136e+00   3.8262855e-02   2.8143296e-01   1.7749918e-01  -4.9438474e-01  -2.5152585e-01  -1.1660657e+00   4.4697458e-01  -1.8451723e-01   5.3082007e-01   5.8377099e-01   2.1323593e+00   9.6372730e-01   6.1014551e-01  -1.3339734e-01  -4.4729751e-01  -2.0779549e-01  -1.4187698e-01   1.9441563e-01  -5.8878213e-02   3.3058554e-02  -1.0507862e-01
   1.2842617e+00  -1.2304233e-01  -8.1220162e-01  -8.1222695e-01   6.0974294e-01   3.9703526e-02  -2.3988064e-01  -5.2658302e-01   7.6681554e-01  -4.6133526e-02  -3.7232146e-01  -5.9422296e-01  -4.2232314e-01   3.6460072e-01  -1.3383307e+00  -1.0869020e+00   7.9535687e-01  -7.0110899e-01   1.3768592e+00   4.2133000e-01   8.2258958e-01  -1.0526985e+00  -2.3175028e-01  -1.1331727e-03   1.5699857e-01  -3.4746048e-01  -9.3485095e-02  -4.8169042e-03  -1.1377649e+00   8.4373295e-01   7.6972222e-01   3.9162463e-01
   3.3568689e-01   7.4102245e-02   2.1203496e+00  -8.9635265e-01  -1.0860744e-01   3.4751093e-03  -5.7022649e-01   3.9780274e-01   1.5303971e-01   1.1836889e-01   1.2020484e+00  -3.2316193e-01   9.4635561e-02  -5.6754682e-02  -8.8720769e-02  -4.0724711e-03  -1.0858675e+00  -5.0693846e-01   3.4741801e-01   1.7615812e-01  -9.9040180e-01   1.0482441e+00   2.7139249e-01  -3.1608173e-01  -1.6665829e+00   1.0090930e+00   4.0692639e-01  -3.7031269e-01  -3.7010071e-01  -6.0980076e-01   1.4911485e-01   9.8866433e-02
   5.0401533e-01  -1.8418863e-01   5.8132029e-01   2.9003936e-01  -1.2748876e-01  -2.6107761e-01   9.0246476e-02  -2.4483255e-01   1.2373860e+00   1.5456878e+00  -1.9504996e-02   1.7945061e+00   1.5451016e-01  -4.3469176e-01   3.4176871e-01  -2.8263250e-01  -3.0627820e-01   5.3068733e-01   6.4056265e-01   8.0097675e-02   1.2394261e-01   3.8161665e-01   2.5168082e-01  -2.3635863e-01  -1.4264307e+00   5.7729650e-01   1.4327494e+00   9.3535745e-01  -1.4406043e-01   7.5456268e-01   7.4287051e-01  -2.7761680e-01
   6.0803968e-01  -8.0681795e-01  -7.1613824e-01   1.2079212e-01  -1.2151650e+00   5.9149510e-01   8.6647588e-01   3.7630478e-01   1.0100058e+00  -5.6905484e-01  -6.5151328e-01  -2.7836198e-01   2.2127511e-01   9.9045897e-01   3.0102995e-01  -5.2495360e-01  -3.2966563e-01  -1.8837853e-01  -6.9997497e-02  -4.3993518e-01  -1.9024678e-02  -7.4104661e-01   5.3121805e-01  -8.7177038e-01  -5.4536158e-01   1.3301176e+00  -1.7842938e+00   1.1193117e+00   1.3584116e-01  -1.3080119e-02   1.7976545e-01   5.0216820e-02
   3.3541933e-01   7.8396732e-01   3.1886944e-01   2.0820507e-01   1.1035261e+00  -9.5984691e-01   1.2082649e-01  -6.6633248e-01  -4.9572161e-01  -1.1463416e+00  -5.0078785e-01  -2.7193481e-01  -1.3658460e+00  -3.5075163e-03  -5.9061134e-01   3.8823915e-01   5.2934843e-01  -1.9041238e-02  -9.0803826e-01   7.4123502e-01   8.5597348e-01   4.8633847e-01  -1.8156092e+00   3.3478007e-01  -4.3363431e-01   2.5934198e-01   3.4241182e-01  -8.6485642e-01  -2.3375361e-01  -3.8561910e-01   9.1955978e-01   2.8070778e-01
   7.1086401e-01   4.6768315e-02   1.3919333e-01  -1.6683349e-01  -7.8047305e-01  -2.8991872e-01  -2.1922085e-01   2.1516329e-01  -2.0430293e+00   5.8754988e-02  -3.3714911e-01   5.3850091e-01  -1.1330972e+00   2.2710744e-01  -1.4322077e-01   3.0274934e-01  -2.5946440e-02   3.5900804e-01  -4.3373010e-01  -5.2755213e-01  -2.0640723e-02   2.3130102e-01  -2.8940287e-01  -6.4596862e-02  -4.0869132e-01   4.5647061e-01  -5.1330775e-01  -1.3294814e+00  -7.9876524e-01  -2.9913026e-01   1.7357019e+00  -1.3208297e+00
   6.4492011e-01  -2.6088732e-01   1.1000212e+00   2.9081032e-01   6.6817272e-01  -1.0126144e+00   1.7319940e+00  -4.6960095e-01  -4.3236101e-01   4.3058309e-01  -8.4381235e-01   1.1621141e-02   2.4287471e-01   4.4416511e-01  -3.6728078e-01   6.4065778e-01   6.9247141e-02  -7.1243203e-01  -2.3487402e-01   4.2233056e-01   1.1401718e+00  -4.2715189e-01  -7.5252759e-01  -7.3328696e-02  -1.4657855e+00   1.8363668e-01   8.2620639e-01   4.3118113e-01  -9.2588186e-01   6.1745721e-01   7.4337429e-01   3.4899231e-02
   1.1708707e-01   3.8981333e-01   3.8966262e-01   9.7529685e-01   2.8374428e-01  -3.1472590e-02   7.1716368e-01  -1.6039331e-01  -8.7480110e-01  -8.9208782e-02  -2.0033319e+00   5.7197131e-02  -5.0313717e-01  -5.2144982e-02  -1.1126781e+00   1.3086785e-01   7.3274054e-02   3.5337755e-01   1.0122106e-01  -2.1273522e-02   1.5313270e+00  -1.8640885e+00  -6.0589951e-01   7.2202367e-01  -3.2750624e-01  -6.4799845e-01   1.1932214e-01   3.3797970e-01  -1.1246775e-01   4.8361945e-01   3.6608696e-02  -2.3702408e-01
  -1.7250340e-01   1.1582715e-02   1.5239707e-01   9.4641650e-01   3.4424555e-02  -2.3101078e-01  -1.2659009e+00  -4.7927722e-01  -1.4439073e-01   2.2166447e-01   1.7839612e+00   1.2047187e+00  -2.6173344e-02  -9.8544955e-02  -6.4034992e-01  -3.6287409e-01  -1.4105624e+00   1.3272077e+00  -1.4518499e-01  -1.6638325e-01   9.7646874e-01  -1.3981812e+00   1.2313198e-01   7.1453147e-02  -1.4157766e-01   6.8208325e-01  -2.1175893e-02   2.8255969e-02   6.4591283e-01   5.2261341e-01  -4.4664908e-02   3.1571750e-02
  -4.3291280e-01  -5.7609951e-01  -1.4459819e-01  -1.5746708e+00   7.1951860e-01   2.5249091e-01   1.1820056e+00   1.0736003e+00   2.5402072e-01  -4.2361698e-01   6.4792311e-01  -6.4563352e-01   3.2785347e-01  -1.2140573e-01   6.0715032e-01  -1.4027658e-01  -6.1612767e-01  -8.2194692e-01  -3.2628626e-01   4.8130327e-01   1.5909473e+00   5.9459448e-01  -1.1368137e-01  -8.3456451e-01   1.0877317e+00  -3.0710953e-01  -5.0097716e-01  -3.0931491e-01   5.5110204e-01  -1.0059701e+00  -5.5620116e-01   1.4574699e-01
   4.6871918e-01   1.2505029e-01  -2.9777980e-01   2.4179406e-01   1.2548060e+00  -6.8717253e-01  -1.9523895e-01   1.1185536e+00   5.6109411e-01  -1.4645010e+00   5.9797013e-01   1.0257337e+00  -3.8582042e-01  -9.7793259e-02   1.8461196e-01  -2.1139863e-01  -2.6652479e-01   2.4890566e-01   2.2278818e-01   2.1313235e-01   1.8571582e-01  -4.2501429e-01  -2.5278440e-01  -4.5292825e-01  -1.6405043e-01   3.0925015e-01   2.4933454e-01   4.0491694e-01   3.0733246e-01   1.5921028e+00   1.9037811e+00   9.2763275e-01
   1.5825687e-01   1.7638284e-01  -1.3581839e+00   6.0846597e-01   1.7175967e-01  -2.2158854e-01   8.4907484e-01   1.2775398e+00   1.5728742e-01  -2.2534086e-01   8.9640826e-01   1.2145357e+00   1.2472384e-01   2.3009802e-01  -9.1385382e-01   8.9926697e-02   4.3830022e-01   1.3195539e+00   2.8963661e-01   1.1275741e-01   1.2239569e-01  -8.5720366e-01  -1.3328543e-01  -9.9493802e-02  -1.9872971e+00   9.4269031e-01  -5.8117323e-02   4.1379699e-01  -2.9174480e-01   3.3909276e-01   4.4870153e-02   9.6554540e-02
   6.5263279e-02   2.1840215e-02  -3.4657836e-02  -2.5474221e-01   2.2919474e-02  -2.8135571e-01  -8.1422466e-01  -5.2525725e-02   8.8540964e-02  -4.9244909e-04   2.2570039e-01  -3.2713595e-01  -5.9523600e-01  -4.7429737e-01  -1.4236034e+00   1.9170383e+00  -5.0683063e-01  -8.7850494e-03  -2.5242788e-01   6.3210154e-01   7.6050812e-01   1.6770372e+00  -7.0969510e-01   1.7271141e-02  -7.9467821e-01   9.6926606e-01  -1.9945049e-01  -3.6389202e-01  -1.3354818e+00  -5.7113189e-01   3.6295488e-01  -3.7063655e-01
   4.4745532e-01   9.4272502e-02  -6.6874385e-01  -1.0020101e+00  -3.3743665e-01  -2.6405147e-01   2.6253590e-01   9.2094934e-01  -6.0190868e-01   6.6952527e-01   1.9636235e+00  -1.3399145e-01  -3.6507365e-01  -1.4245392e-01   6.6026405e-02   1.7692541e-01  -2.2665315e+00   2.9604349e-01  -7.3377055e-01  -8.8521099e-01   8.9507425e-01   2.7918267e-01   1.0799176e-01   4.9296677e-01  -1.7918625e-01   4.2020041e-01  -2.4029765e-01   2.7516917e-03   1.8181695e-01  -5.4547077e-01   2.9141584e-01  -5.3676542e-02
   3.2715023e-01  -6.8636805e-02   2.7066743e-01   4.6361867e-01   4.4039834e-01  -2.2359189e-01   5.2215725e-01   5.9714860e-01  -1.3443036e+00  -8.8674468e-01   5.7057464e-01  -1.9946451e+00  -3.4124896e-01  -4.4557375e-01  -6.1792672e-01  -8.1960849e-02   7.5654149e-02  -1.9487116e+00  -1.2031943e+00   6.2655097e-01   4.0356198e-01  -5.7811952e-01  -5.5047226e-01   1.9422616e-01   3.2532242e-01   2.8978661e-01   1.0444451e-02  -3.0769151e-01   4.0714732e-01   2.8284085e-01  -1.3404185e-01  -3.1001481e-01
  -3.7437379e-01  -3.4700808e-01  -3.3850694e-01   2.2145755e+00  -1.4714457e-01   2.0178525e-01   1.2129049e+00   3.2518022e-03  -1.3676202e-02   2.1020070e-02   9.4480492e-02  -3.6861017e-02   4.3854073e-02  -1.2648591e-01  -5.4714394e-01  -5.6830543e-01  -9.7795439e-01   4.3963075e-02  -3.5590699e-01  -1.8727951e-01  -4.9193436e-01  -1.2878560e-01  -9.2710949e-02  -1.4815477e-01  -2.0314405e+00  -2.0513085e-01  -5.3526729e-01  -4.0310347e-01   1.4144641e+00   5.2159292e-01   2.9822749e-01   3.8348767e-01
   2.2616234e-01   4.6930116e-02  -2.1516116e-01  -1.4065540e-01   9.3427107e-02  -5.6704938e-01  -4.8189110e-01   4.6309057e-01  -3.2290474e-01   4.5899612e-01   6.3698304e-01  -2.6658839e-01   1.3985987e+00   7.7086955e-01  -7.3377943e-01  -1.7129737e+00   6.3442755e-01   2.6769257e-01  -8.9919880e-02  -5.3586446e-02   1.0485647e+00  -1.1221620e+00   1.4015962e+00   2.2795020e-01  -1.1790559e+00  -4.6737832e-01  -3.5432711e-01  -1.0677634e+00   4.3945551e-01  -3.4129336e-01   4.8108929e-01   1.1497121e-01
   1.7739370e-01   5.3271139e-01  -3.3721298e-01  -4.4785082e-02  -6.0171902e-02   3.7205401e-01  -2.0083836e-01  -1.1582146e-01  -5.6198728e-01   1.6003752e+00  -7.0860231e-01  -6.5685171e-01   1.5126402e+00   1.8621948e-01  -3.4545669e-01   8.1884170e-01   6.9036871e-01   2.4725115e-01  -4.9872704e-02   5.3457862e-01   4.4214964e-01   2.8523964e-01   8.7376171e-01  -2.6553825e-02  -2.8655958e-01  -2.1322329e-01  -5.4815978e-01   7.8201205e-02   7.8362179e-01   8.8694644e-01   2.1627321e+00   2.6587042e-01
   1.2517065e+00  -3.6301044e-01  -2.0176129e-02   3.7119371e-01   1.1250113e-01  -1.0509242e-01   1.4686590e-02   1.1041601e-01   1.1622417e-01  -2.2221470e+00   6.4239115e-01   3.2037213e-01   9.4072771e-01  -3.8224646e-01  -6.3250333e-02   3.8885227e-01   9.2212245e-02   2.2386177e-02   1.3428918e-01   6.8259472e-01   6.5307237e-02   1.8029913e-01   9.2692745e-01  -2.5641114e-01   1.5158436e-01   1.5360487e-01   8.5184175e-01  -3.9431643e-01   2.6145917e-01   3.6676475e-01   2.1434748e+00  -5.4256374e-01
   2.3475005e-01  -7.2563350e-01  -1.2107402e+00   1.1252434e+00  -3.3387694e-01   8.3854765e-01   1.4740149e+00  -1.2761075e+00   2.1431020e-02   1.2257038e-01   3.2750942e-02  -2.9361865e-01   7.2686630e-01   2.8456539e-01  -2.2768788e-01   2.8714851e-01   2.1680348e+00   5.9970546e-01   7.5827593e-01   6.9254214e-01   2.9934415e-01  -2.3169684e-01   2.0830871e-01   2.0108625e-02  -6.4091176e-01  -4.7982180e-01  -1.5816294e-01  -3.1839347e-01   2.2034018e-01  -2.9335698e-01   1.4112605e-01  -2.1998055e-02
   1.1601740e+00   2.5305292e-02  -1.0210922e+00   8.7101269e-01   8.7583649e-01   3.8119540e-01  -1.1703534e+00   3.1439584e-01   1.0933404e-01   8.4519124e-01  -6.7174602e-01  -7.2741425e-01   3.4182400e-01  -1.0613474e-01  -2.0845436e-01   2.9712293e-01  -5.2035391e-01  -6.4684176e-01  -6.7827535e-01  -6.8506144e-02  -1.0779335e+00   2.6106027e-01  -6.1093658e-01   7.6280594e-01   1.1929585e-01   1.5511755e+00   8.9297497e-01   9.9720758e-01  -3.8864553e-02   7.3850721e-01   3.3079097e-01   5.4489350e-01
   2.1758893e+00  -5.8945757e-01  -1.2597725e+00   1.4248558e+00  -1.3293236e-01   3.2264617e-01  -1.0573190e-01  -2.7014810e-01  -2.6292482e-01   4.2978466e-02   1.8282139e-01  -1.5986863e-01  -2.1067421e-01   8.5450721e-01   8.7763613e-01   1.0453079e+00   4.9786866e-01  -1.0759631e+00  -5.2963758e-01  -1.2190899e+00  -3.2859755e-01   6.5072495e-01   3.3495981e-01   6.8273306e-01   4.5569357e-02  -1.0097965e-01  -1.1280044e-01  -8.0669418e-02  -3.8263749e-02  -2.0097492e-03   2.5424698e-02   1.0866973e-01
   1.1481000e+00   2.2279619e-01   2.1367195e+00   6.6386688e-01   4.8243466e-01  -2.2559848e-01   9.9218982e-01  -2.5105569e-01  -1.8022983e-01  -4.2117693e-02  -2.0981158e-01  -5.4198923e-03   3.1121588e-01  -3.4165716e-01   5.7353812e-01  -4.7620699e-01   8.3616853e-01  -2.1096405e-01  -3.6711600e-01   6.9346473e-02  -1.3480184e+00  -2.0994224e-01   6.3645399e-01   1.7708068e-01  -1.0666238e+00  -1.4192816e+00   4.1461352e-01   7.3493212e-01  -4.2914233e-01   3.9953190e-01   1.9980402e-01  -1.3603655e-01
  -1.3228540e-01  -1.9744049e-01   7.4553049e-01  -7.2497147e-01   6.2445349e-01  -1.4049710e-01   1.1951048e+00   1.8990768e+00  -2.4979673e-03   1.4227515e-01  -4.3454847e-01  -1.5804718e-03  -1.2680370e-01  -3.0115265e-01   6.6979504e-01  -7.9216361e-01  -9.1868979e-01   2.1304432e-01   2.9151812e-01   1.6552490e-01   1.2644285e+00  -1.6032121e+00  -5.7277912e-01   5.4216427e-03  -1.2367293e+00   2.9136708e-01   2.4834208e-01   2.5451201e-01   5.3943521e-01  -6.6557074e-01  -2.2752520e-01  -1.1999941e-02
   2.1906965e+00  -2.0893292e-01   1.2835975e+00  -6.2843925e-01   7.8271604e-01   2.0665247e-02   4.4925743e-01  -1.3980536e-01  -1.3049836e-01   2.3676658e-01  -7.4649877e-03   1.9152108e-01  -1.8915042e-01   5.4851711e-01   1.8094072e-01   3.6542317e-01  -3.8740575e-01   3.2265556e-01   5.5902159e-01  -5.0700444e-01  -8.9690119e-01   1.1323622e-02   1.4265209e+00  -1.8961228e-01  -5.4690313e-01   5.5137163e-01   6.9394040e-01  -1.0744423e+00  -4.1423243e-01  -5.4857588e-01   8.4853894e-01   7.3251832e-01
   4.3008471e-01   4.8972452e-01   3.4530109e-01  -1.7089741e-01  -1.0838013e+00  -6.4443755e-01  -5.5013996e-01   5.6095243e-01   6.2912834e-01   1.3064383e+00   9.2353606e-01  -1.4611012e-01   7.7693897e-01   7.6228887e-01   6.4947230e-01  -3.5499790e-01  -5.7624369e-03   2.2074968e-02   3.5637859e-01   3.8700289e-01   1.0110898e-02   1.8822244e-01  -1.8307385e-01  -1.2118725e-01   7.7188092e-01   6.9353580e-02  -9.2341411e-01   7.8285652e-01  -5.7834774e-01  -1.3140864e+00   1.9111339e+00   6.0758883e-01
   1.5326908e+00  -5.0735480e-01  -3.2857829e-01   4.8707119e-01   7.4362122e-02  -1.8843256e+00   3.1951606e-01   6.0490263e-01   4.1023529e-01  -1.8954822e-01  -7.1294628e-02   1.2467499e-01   8.3262002e-01   9.6520729e-02  -3.0081353e-01   1.9639330e-02   3.3889223e-02   1.6838707e-01   4.4736663e-01  -1.9644955e-02  -2.1465601e-01   3.4628221e-01   5.9100628e-01   7.6505524e-01  -1.2441044e-01   1.7671807e-01   1.6394839e-01   5.8134472e-01   4.2956883e-01   7.0972925e-01   2.3523755e+00   2.0412691e-01
  -4.8744050e-01   2.5551140e-01   1.1928308e-01   4.0243223e-01  -5.6676155e-01   8.5381794e-01   4.9051365e-01   5.7059270e-01   1.0459776e+00   1.4547801e+00   1.1541535e+00  -4.5245397e-01   4.7977433e-02   1.1365867e+00   7.1916097e-01   3.6119144e-02  -6.0061347e-01  -3.4297648e-01   7.2853035e-01  -6.3866132e-01  -1.2013263e-01  -1.0395658e+00   1.6495171e+00   2.8023949e-01   7.2974272e-02   6.1491418e-01  -9.2904687e-01  -1.0467114e-01   1.2579237e-01  -4.1175175e-01   6.9814074e-01   3.2060656e-01
   2.7322292e-02   5.4382229e-01   4.8437375e-01   3.9373249e-01  -6.8367648e-01   5.9537071e-01  -1.5507847e-02   1.0136969e+00   5.2239478e-01   9.0098482e-01   1.0839210e+00   2.2015624e-01   1.2543888e+00   4.1652462e-01   1.1821805e+00  -8.0331326e-01   3.9099109e-01  -5.6070668e-01   4.0983766e-02   5.9677625e-01  -1.6866115e+00  -4.7585435e-02   8.4706372e-01  -1.2263352e+00   2.5445659e-02  -5.2632111e-01   4.2597073e-01   3.1851140e-01  -6.7070466e-01   9.1001958e-02   3.2904479e-01  -5.8814126e-01
   2.0866561e-01   2.1655807e-01  -3.6903679e-01   5.7331944e-01  -4.1189632e-01  -8.3566671e-03  -1.6446258e-01  -8.1821668e-01  -1.3573262e-01  -1.1199347e+00   2.3076060e+00  -4.9044803e-01   1.6773967e-01   6.3660920e-02  -1.3814619e-02   2.1554577e-01  -1.1631796e+00  -1.6242473e+00  -6.6361213e-01   5.5786747e-01   3.0831039e-01   3.5766426e-02   3.7316296e-02  -1.1267060e-01  -8.4986669e-01   1.2597551e+00   5.8943111e-01   3.1890839e-01   3.6474817e-02   1.9203810e-01   9.1691405e-02  -5.5951849e-02
   8.5595268e-01  -3.5478169e-01  -5.9633726e-01   1.3349626e+00   6.5572843e-02  -9.0344661e-01   9.3460441e-01   1.0967265e+00  -6.3772190e-01  -2.9401766e-02   7.7333760e-01  -5.7619065e-01   4.3828794e-01  -9.0405405e-01   3.8516879e-02  -6.9288260e-01  -2.0044401e+00   4.0646529e-01  -9.2378837e-01   1.0375031e+00  -1.5698573e-01   6.9865519e-01   2.3334394e-01   5.2900648e-01  -3.1263933e-02   1.6864771e-01  -8.9627905e-03   1.2213491e-01   1.1467894e-01   4.0702245e-01   2.1071443e-01   2.2550406e-01
   1.6126750e+00   5.5408012e-02  -7.1210790e-01  -2.5518230e-01  -1.4526651e+00   5.0711882e-01   7.5240850e-01   7.5430930e-02  -9.3028575e-01  -5.9299850e-01   2.8391472e-01   5.4205924e-01   4.4544598e-01  -3.9030915e-01  -4.9943542e-01  -2.3649119e-02  -1.7799652e-01   9.6813263e-03  -4.3229461e-01  -6.1252896e-02   8.1482589e-01   5.8392793e-01   1.8911215e+00   8.8982528e-01   3.4844878e-01   4.3399930e-01   6.9770712e-01   8.9486104e-01   1.7185719e-01   2.9148713e-01   2.5552312e-01   5.6561637e-01
  -7.9651944e-02  -7.0316717e-02   2.4349810e-01   4.8825166e-01  -8.0932625e-02  -1.9078985e-01   2.5372770e-01   6.2638974e-01  -2.0393135e-01  -1.3960990e-01   6.2466764e-01   5.0215548e-01   3.9503592e-01  -5.4904050e-01  -1.4881729e+00   1.7726432e+00  -9.7947411e-02   7.7686966e-03   2.2472678e-01   6.2183601e-01   1.3519976e+00   3.5114929e-01   4.5584944e-01   1.4763795e-01  -1.2049887e+00  -1.0318117e+00  -4.5741853e-01  -3.0899137e-01  -9.3342996e-01   1.4416656e+00  -2.6173830e-01   4.5419475e-01
  -4.3289581e-01   2.0868985e-01  -2.3089051e-01   5.9080458e-01   4.4570845e-02  -1.1564249e+00  -8.2030016e-01  -1.3634093e+00  -2.1507595e-01  -4.7969490e-01  -6.6220039e-01  -2.9623175e-01   5.8169776e-01   6.8790060e-01   1.2456510e+00   3.9408219e-01   5.4070795e-01  -1.0449498e+00  -8.7803960e-02   8.6018264e-01  -1.4490927e+00   9.4694746e-01   6.7728585e-01  -1.0463040e+00   5.2384961e-01   5.4714561e-01  -5.5635047e-01  -1.9710250e-01   4.0879199e-01  -4.6908280e-01  -7.5078554e-02   4.2136493e-01
   5.9947091e-01   2.1373476e-01   1.6503170e+00   1.5628076e-01   8.5511178e-01   3.9505936e-02   1.9907237e+00  -3.8581875e-01   2.1372539e-01   6.4119838e-02   5.1065701e-01   7.0182281e-03  -5.4890656e-01   1.1135060e-01   4.8032004e-01  -5.1246006e-02  -1.6437505e+00   1.4290155e+00   4.2779657e-01  -5.3393501e-01  -1.5316139e-01   7.4045229e-01   2.9582921e-03  -1.8665782e-01  -1.0174648e+00  -2.9794875e-01   3.7226465e-01   4.6225963e-03   1.7096834e-01  -1.7239477e-01  -9.8599466e-03   6.6288002e-02
  -4.4638887e-01  -5.9854198e-02  -1.8664319e-02   1.5040362e-02  -1.2378610e+00  -1.2099935e+00  -2.4432638e-01  -1.0971823e-01   1.8676032e+00  -3.7029096e-01   3.3067453e-01  -1.0036258e-01  -8.4364253e-01   2.4518050e-01  -8.1438348e-02   8.4991813e-02  -1.3536796e-01   1.6006057e-01   5.5204105e-01  -1.1146782e-01   2.3805346e-01  -3.1210223e-02  -1.1314000e+00  -3.2940346e-01   7.0051871e-02  -4.6791866e-01  -9.3125761e-01   1.9371455e+00  -2.1286502e-01   1.8196978e-01   1.1437793e+00  -4.0083247e-01
   1.1145102e-01  -7.0664179e-01  -9.6379685e-01   2.0354857e-01   7.2765583e-01  -1.0864474e+00  -2.0503068e+00  -3.3379728e-01   1.0693899e-01   4.8295733e-01   5.8818310e-01  -5.9241831e-01   9.4151431e-01  -3.5700804e-01   9.9815592e-02   4.5502412e-01  -1.9493455e+00  -2.5383961e-01  -1.8976937e-01  -1.2291412e+00  -1.9785312e-01  -6.9770318e-01   3.8776407e-01  -2.6075819e-01   1.2399401e-01   2.0108272e-01  -6.9487169e-02   1.0599392e-01   1.4984661e-01  -2.2630993e-01   1.2480007e-01  -6.1337627e-02
   7.0881799e-02  -5.9266098e-02  -2.9113025e-03   8.9654237e-02   2.3021388e-01   1.1124443e-01  -1.8135941e-01   1.6171265e-02  -6.3120455e-01   1.6511722e-01   4.3569094e-01  -2.9337481e-01  -1.6119672e+00  -1.5755747e-02   1.1107533e+00  -5.5798143e-01  -1.9548044e-03   1.3713782e+00  -2.9521748e-01  -1.0332946e+00  -4.6650809e-01  -7.2027661e-02  -6.1845207e-01   1.4968233e-01  -5.1288348e-01   1.8866214e-01  -5.7141763e-01   4.7589520e-01   9.9100077e-01  -1.2318670e+00   6.4570314e-01  -1.8995060e+00
   2.7865866e-01   3.7102321e-01  -2.2140474e+00  -1.6972281e-01   2.4379407e-01   1.2178231e-01  -1.1010180e+00   6.3839787e-01   1.7857569e-01  -4.3741375e-02  -2.5848457e-01   8.4016782e-01  -1.5778896e-01   8.1764325e-02   3.8147232e-01  -1.8700947e-01  -5.2041090e-01   6.4956748e-01  -4.1516781e-02   2.1403988e-01  -5.5549043e-01  -2.4723556e+00  -5.5953956e-01  -3.4577161e-01   1.9478421e-01   6.4309061e-02  -3.3988133e-03   1.5377393e-03   6.7861587e-01  -1.6901745e-01   8.3595738e-02  -9.5001884e-02
  -4.2014256e-02  -1.4553550e-01  -1.4435264e-01   2.7124625e-01  -2.6510265e-01   1.2634952e-01   6.0684305e-01   2.2103363e-01  -2.6607272e-01   1.7360902e-01   6.8033934e-01   1.4927739e-01  -4.0691906e-01   1.0221978e+00   2.2101426e+00  -3.2502812e-01   1.8724543e-01  -1.6562678e-01  -7.8739721e-01  -3.4706023e-01   2.5759831e-01  -9.2465055e-01   3.9509624e-01  -2.3178956e-01  -2.1427386e+00  -8.8227153e-01  -3.4549934e-01  -9.2561013e-01  -3.9497584e-02  -4.7358567e-01   2.6788780e-01  -1.2163343e-01
   1.8177946e+00  -6.8578678e-01   8.9656860e-02   2.8695557e-01   1.7378227e+00   7.6044387e-01  -5.3838175e-02   2.5142926e-01  -7.0105717e-02  -9.3052927e-03   6.7605805e-03   1.4356445e-02  -5.8327115e-01  -1.7397824e-01   6.3949421e-02  -1.5092450e-01   2.1494036e-03   2.6773575e-01   4.7894439e-01   9.6917212e-01  -1.5091580e-02  -2.9429990e-01  -1.0919232e+00  -1.1941282e+00   2.7427357e-01   5.2765194e-02   1.3936428e+00  -1.1511774e+00  -4.7028713e-02   1.1310905e-01   4.4738510e-01   7.4957317e-01
   8.0148347e-02  -1.7562827e-02   1.6605939e-01   9.9144578e-02  -5.2436018e-01  -2.5980374e-02  -6.1426222e-01  -2.8317216e-01   1.5405039e+00   1.4216873e-01   1.9051572e+00   8.3423930e-01   3.8673684e-01   6.0736793e-01   2.1253175e-01   6.5862840e-01  -1.4046770e+00   2.3350310e-02   9.3641162e-01   3.4869441e-01  -5.8732301e-01   1.0073415e+00   7.8715765e-01  -4.7745508e-01   1.1211971e+00  -4.2909965e-01  -9.0675592e-01   3.3075899e-02  -1.7651138e-01  -9.9797286e-03   1.1881486e-01   1.3075806e-01
   8.4184426e-01   8.3144009e-03  -6.7928270e-02   6.0317504e-01   9.6991885e-04  -1.4377247e+00   8.7380332e-01   9.2999034e-02   1.1893303e+00  -1.2364535e+00   7.3792648e-01   8.0915618e-01   2.3279582e-01   7.3231743e-03   4.3688378e-01   5.6373686e-01  -9.1030461e-01   7.5738317e-01   1.7255132e-01   1.7569458e+00  -1.8790323e-01   8.0563778e-01   9.9324495e-01   7.8550911e-01   5.2241202e-02   2.5616452e-01   4.4033182e-01   2.0022190e-01  -9.8989457e-02  -2.4862045e-01  -4.4398162e-01  -1.2444058e-02
   8.2926098e-03  -1.6859277e-01  -2.7663201e-01  -1.1137119e-02  -8.2107008e-01   8.7849432e-01   1.8201317e+00   1.5217335e+00  -1.2890962e-01  -9.1919340e-02  -1.7344117e-01   3.2683527e-01   1.6540188e-01  -2.6869527e-01  -3.9503714e-01  -1.3270041e-01  -2.3614915e-01   8.2158709e-01  -4.2918575e-01  -1.2452474e-01  -1.8241911e+00  -2.0180261e-01   1.8820412e-01  -9.9137354e-01  -8.4317410e-01   1.0472553e-01  -4.2783450e-02  -5.0009471e-01   1.2568195e+00   1.7415937e-02  -1.8895572e-02   7.1693772e-01
  -2.9907074e-02  -2.4154603e-01  -9.1970690e-02  -8.6709328e-02   6.0625964e-01  -1.3116814e-01   9.9085040e-02  -3.3416852e-01  -4.9085745e-01   8.1260103e-01   2.5139180e-01   4.7043440e-01  -3.7732519e-02   2.0285070e+00   9.8500270e-01   7.2379071e-01  -9.0024328e-01  -3.6358660e-01  -6.1126584e-01   1.1470637e-01  -6.6082132e-01   2.5357342e-01   2.5425950e-01  -1.2787623e+00  -3.4630131e-02  -2.2900930e-01   4.1028500e-01   2.1053997e-01  -5.9362686e-01  -8.2995504e-01   1.9385465e+00  -1.6315164e-01
   5.1780152e-01   5.4247778e-02  -3.5279223e-01   2.8801692e-01  -1.3404998e+00   1.0004865e+00   2.5257152e-01  -1.3442842e+00  -7.4589789e-01  -8.0497485e-01   1.0542210e+00   1.2312569e-01  -4.3687552e-01   2.0712595e-01   6.0337520e-01  -1.3798340e-01  -1.5865439e+00  -6.7924112e-01  -1.5989385e+00   1.0640115e+00   2.5567296e-01   4.2924296e-02   1.8965767e-01  -2.5745675e-01  -3.2151917e-01  -5.4205835e-01  -7.5660878e-01  -4.0264498e-02  -8.9777447e-03   2.2345860e-01   1.6622221e-01   1.3915026e-01
  -2.5638136e-01  -6.9677025e-02   5.2453679e-01   4.7928351e-01   1.4280410e-01   7.8939134e-01   7.5298303e-01  -1.9872234e+00  -2.8948811e-01  -2.2231983e-01   4.3586716e-01   9.7127277e-01  -1.8811847e-01   2.6593935e-01   7.4789733e-01  -5.7442713e-01   6.8338853e-01   6.1771047e-01   3.9068300e-02   3.1734768e-01  -4.8679200e-01  -6.4455193e-01   1.5696811e-02  -2.3776352e-01  -9.6855175e-01  -1.7785215e+00   1.6327257e-01  -7.5798309e-01  -7.4945676e-01  -9.3948084e-01  -6.4852983e-03  -4.4293135e-01
  -3.2140553e-01   3.6507112e-01   2.0966500e-01  -2.4641562e-01  -8.6599308e-01   8.0599459e-03   6.1682558e-01   4.0609073e-02  -2.0088863e+00   3.4485467e-02   1.4022360e+00   3.3273250e-02  -3.5219282e-01   9.8911949e-02   2.9313084e-01  -1.1948935e-01  -4.3026355e-01   5.0168587e-03  -5.8866364e-01  -2.3446150e-01  -8.4922332e-01  -3.9306965e-01  -7.7499682e-01  -1.0588075e+00  -5.5168778e-01   9.9059021e-01  -1.2214460e+00   9.1855204e-01   5.2602941e-01  -4.6861979e-01   9.0204078e-01  -4.1603395e-01
   1.4679936e-01   1.6071506e-01  -2.4245682e-01   7.0451543e-02   2.5317556e-01   1.0978981e+00  -1.0926133e+00  -3.6272213e-01  -6.8179733e-01   1.2936201e+00  -6.5323210e-01  -1.3214008e+00   5.3238839e-01  -4.2709771e-01  -9.5543966e-02   6.6360503e-01   7.7788162e-01  -7.3430699e-01   1.1916381e-01  -1.0373747e+00  -2.3914360e-01   1.4914711e+00   5.5230927e-01   1.4034907e+00  -5.1499426e-01   4.3402234e-01  -2.8357759e-01   5.7935101e-01   4.3829754e-01  -8.5499868e-02   3.8026518e-01  -2.5044939e-01
   8.9852679e-01  -1.0199615e-01  -5.6574754e-02   1.2356079e-01  -1.4888098e+00   2.4218859e-01   1.1409929e-01  -2.2128376e-01   1.0308489e+00   1.5754485e+00  -2.9471466e-01  -4.1280117e-02   9.1145575e-02  -1.0690711e+00   1.4298928e-01   7.5371750e-02   7.2084963e-02   2.4812363e-02   5.5475295e-01   5.1596895e-02  -1.6815236e-01   3.7438431e-01   3.5123697e-01   2.3480875e+00  -1.4033833e-01  -5.2297916e-02  -1.1061329e+00   1.3501252e-01   7.3173590e-02   9.5366307e-02   6.5535498e-01   4.3164197e-01
  -2.0338835e-01   2.4713534e-01   9.8749191e-01  -2.2635387e-01  -3.1423697e-01   6.7664993e-01   2.1057019e+00  -6.2660515e-01   2.4811624e-01   6.9508009e-02  -1.5090679e-01  -6.4836633e-01   2.9714203e-01   1.6440894e-01   1.9417372e-02  -8.6017531e-01   4.8306224e-01  -3.0428365e-01   2.3966847e-01  -3.7655961e-02  -5.4565483e-01  -5.0759286e-01   4.9151834e-02  -2.6604846e-01  -2.0293076e+00  -3.1947178e-01  -3.2255456e-01  -6.5541947e-01   1.1357969e+00  -8.7620038e-01   5.0220430e-01   2.1376713e-01
  -4.1815302e-01  -1.0760871e-01   3.5407528e-02  -2.7418157e-01  -3.3988366e-01  -9.3313611e-01   6.6125959e-01  -4.1992396e-01   7.2267526e-01   1.2933222e+00  -8.0197269e-01   8.6114347e-01   7.6813078e-01  -6.5876341e-01   7.0922238e-01   3.6468241e-01  -5.5356532e-01   1.3041496e-01  -3.3118915e-02   7.8004301e-01  -1.5109868e+00  -2.6367456e-01  -2.3224401e-01   1.8018544e+00  -8.9209914e-01  -2.9105887e-01  -2.6551831e-01   1.1264257e+00   2.2376379e-01  -4.1179515e-02  -1.2521929e-02  -1.9895041e-01
   1.0022445e+00  -5.9156746e-01   3.3209607e-01  -5.1205575e-01  -2.4038397e-01  -2.0326462e+00  -6.4208245e-01  -7.9195994e-01   3.9499024e-01   5.7892197e-01   3.9409363e-01   1.3710371e-01  -7.5003958e-01   2.7441150e-01  -1.4347611e-01   4.9170694e-01   4.2096592e-02   4.7588298e-01  -7.8483737e-01  -6.1254388e-01   4.6460059e-01   8.8628519e-01  -2.0612617e+00  -6.9668752e-01  -5.7572443e-03   1.1189876e-01  -2.1645388e-01  -8.2949668e-02   2.6211759e-02   2.9026920e-01  -3.9981624e-01  -4.6112302e-01
  -9.1539554e-02  -2.5599244e-01   1.7729359e-02  -2.2974368e-02   4.9314383e-02   9.7368890e-01  -1.3276994e-01   1.5120180e-01  -1.6027933e-02   2.3750122e-01   1.8339431e-02   3.8906407e-02   1.2210078e+00  -2.1613610e+00   4.6698296e-01   1.8301597e-02   2.3529436e-03   3.5222980e-01  -2.6404592e-01   1.0118558e-01  -3.3048075e-01  -5.1470686e-02   7.8066719e-01   5.4174119e-01   1.9185823e-01   2.3978030e-02  -4.3466347e-01  -2.5460449e-01  -2.0830546e-02   6.9485575e-01   1.6257895e+00  -1.9643267e+00
   1.1522331e+00  -1.1105262e-01   1.2070658e+00   4.5346600e-01   1.0166770e+00   3.7208366e-01   7.6324064e-01   9.1805243e-01  -5.3644788e-01  -9.1298395e-01   1.3151331e-01  -1.1444104e+00  -4.2029685e-01   4.0120553e-02  -2.2116674e-02   9.0033717e-02   1.2595336e+00  -7.9497349e-01  -1.2511804e+00   6.5667713e-01  -1.0536411e+00   7.3732197e-02   9.3463159e-01   7.5479433e-02  -4.8312679e-01   7.7398002e-01   5.4262662e-01  -6.1721444e-01  -1.3230048e-01   6.6396601e-02   1.5403441e-01  -3.7459034e-02
  -1.5972050e-01   1.0751996e+00  -7.6401407e-01  -5.6943631e-01  -1.0657831e+00  -1.1110623e+00   1.3572173e+00  -3.4759253e-01   4.3679217e-01   3.3683121e-01  -4.0707254e-01   2.1615766e-01   6.4076740e-01  -4.0404195e-01   6.7262329e-02   5.8692944e-01   3.4634647e-01   5.3608036e-01   6.4659429e-01   2.0267835e-01  -3.7076604e-01   1.5791032e-01  -2.6802894e-01   4.2502996e-01  -1.7120620e+00  -2.3564956e-01  -1.4881723e+00   1.2733899e+00   1.0079803e-01   5.8475759e-02   1.3685878e-01  -3.4064874e-02
   1.4667663e-02   5.0968368e-02   1.1498502e-01   2.1510299e-02  -1.1691495e-01  -7.4141115e-02  -1.2482306e-01   9.6008264e-02   4.1426614e-01   1.7887150e-01   5.3142989e-01  -7.6698184e-01  -4.0552206e-02  -8.2196409e-01  -1.9495516e+00  -1.8280789e-02  -6.3307720e-01  -9.2395492e-02  -2.7587229e-01   1.3805658e+00   3.6100847e-01  -2.4689766e-02   5.3224385e-02   2.6921958e-01   5.4679066e-01  -1.2720577e+00   4.8039985e-01   3.2210472e-01  -3.9297646e-01  -2.1178620e+00   9.0684772e-01  -2.7470896e-01
   7.6027882e-01  -1.7424324e+00   1.0112602e+00  -1.0911659e-01  -8.4225273e-01   9.1303819e-01  -6.0294896e-01  -7.2523519e-02  -2.1697249e-01  -5.0922734e-01   1.7699134e-01  -1.6904269e-01  -2.9835045e-01  -6.4686531e-01  -8.6103112e-01   4.0595365e-01  -8.8109058e-01   2.1814275e-01   1.0855501e+00   1.0109649e+00  -2.2003774e-01  -1.0477208e+00  -1.2132567e+00   1.3451101e+00  -6.8623520e-02  -3.9717440e-02  -1.1542155e-01   1.4856793e-01  -2.4101162e-02  -2.2832128e-01  -1.9771196e-01   2.7257660e-01
   6.1336447e-02   3.9366576e-01   1.5438797e+00   6.4151004e-02  -3.5329393e-01   4.2612588e-01   7.8984827e-01   1.6966578e+00  -5.9548117e-02   4.5228630e-01   8.8676739e-01   7.2614807e-01  -8.4951615e-01  -1.0303320e+00   4.1962078e-01  -1.1423068e-01  -2.1108398e+00  -5.2167350e-01   3.6470443e-01  -5.9489536e-01   4.4883990e-01  -7.2388184e-01   1.1754493e-01   2.8893417e-01  -2.3918490e-01   1.4822535e-01   4.5637455e-02  -9.0812907e-02   8.7295644e-02   5.8681507e-02  -1.8112777e-02   1.1031319e-01
   7.1669564e-02  -2.4521750e-01  -9.1882264e-03  -1.4895575e-01  -2.2496867e-01   2.1881287e-01   2.8752334e-02   3.2413155e-01   1.3199480e+00   4.0401298e-01   1.0687565e+00  -6.9941968e-01   5.3876454e-01  -1.1114855e+00  -4.5535323e-01  -1.1513624e+00  -8.7487197e-01  -4.5346312e-02   4.2560858e-01   7.3575920e-01  -1.4122875e-01  -1.0851219e-01   2.6291165e-01   8.0299512e-02   5.2031583e-01   1.6017932e+00  -1.4678576e+00  -9.0725094e-01  -1.9186576e-01  -8.5593557e-01   8.2847244e-01   4.9527517e-01
   2.6354435e-01  -6.4500237e-01  -1.5937358e-01  -2.3878226e-01  -2.1985760e-01  -9.1253632e-01  -3.4508643e-01  -1.1181048e-01   1.8798791e-01   2.1538913e+00   7.5819182e-01   4.2537194e-01  -6.2459773e-01  -5.4488742e-01  -3.1225410e-01   5.8876477e-02  -2.8481448e-01   1.7976792e-01   2.6466733e-02  -6.2118822e-01  -3.2639850e-02  -2.0736568e-02   8.0744281e-02  -1.5317012e-01   3.7823062e-02   2.4278900e-01  -4.9213797e-01   1.4938012e-01   6.4825058e-01  -8.2237858e-01   1.3967195e+00   2.0730016e+00
   7.3677652e-02   7.8222215e-02   4.9177119e-01  -5.2902186e-01  -2.4814364e-01   3.9583620e-01   2.5961659e+00   5.3010374e-01   8.5804738e-02   4.3525036e-02   2.0451650e-01  -2.9352516e-01  -8.6074091e-02   1.1414056e-02   1.8867566e-01   5.1633161e-01  -7.6357782e-01  -3.4665006e-01   2.7017584e-02   9.7569309e-02   8.0403745e-01   1.9312045e-01  -2.4991363e-02  -5.0401356e-02  -1.6878526e+00   3.9492780e-01   2.5649635e-02   7.1529150e-02   1.5992932e+00   8.9657879e-01   6.8420425e-02  -5.6202028e-02
  -8.7663829e-02  -1.9234093e-02   6.5368146e-01  -4.6782967e-01  -2.3752533e-02   1.6636381e-01  -2.6530349e-01  -1.9599819e+00  -1.5893926e-01  -3.9951326e-03   1.6845624e+00  -3.3685818e-01  -6.3440517e-02  -2.7186242e-01  -2.4344103e-02   4.9226806e-01  -1.7311821e+00  -1.2253451e-01  -1.0516699e-01   3.4853482e-01   1.5257914e+00   9.4285864e-01   2.7067846e-01  -1.3185872e-01  -1.5683739e-01  -7.8919500e-01  -8.1553586e-02  -1.8800633e-02   9.5571345e-01  -2.6579976e-01   1.0718010e-01  -7.8067236e-02
   6.2232584e-01  -1.7358901e-01   1.0027529e-01  -2.8074256e-01  -9.2913175e-01   1.3801073e-01  -2.0006302e-01   3.1204227e-01  -1.1671455e-01  -1.7462399e+00  -4.3765086e-01  -4.4271576e-01   8.1464726e-01  -1.4864360e+00  -9.9444121e-02  -6.7907751e-01  -7.9320841e-02   3.2311341e-01  -7.7135086e-01   1.7455335e-01   6.9788784e-01  -1.2716268e-01  -9.8492807e-01   1.8485421e+00   1.8363021e-01   2.1098793e-01  -9.3500793e-01  -2.7902948e-02  -2.1641611e-01  -1.5856507e-01   1.0135460e+00  -1.5037533e-02
   1.9786961e-01   1.7538674e+00  -7.1384394e-01   2.3572622e-01  -3.0162579e-01   3.5702083e-01  -1.1520445e-01  -9.1414966e-02  -1.5249248e+00   6.7177814e-01  -1.8648432e-01  -5.0651777e-01   2.5744948e-01  -6.9875574e-01   2.0626497e-01   4.9674239e-02   8.7977216e-02   5.1732212e-02   1.5603004e-02  -2.1505533e-01   1.8910317e-01  -6.3114560e-01  -1.2182398e+00   4.1404599e-01   1.1504635e-01   5.5268729e-01   8.8867944e-01  -8.6629844e-01  -4.4074553e-01   6.1453712e-01   1.9573727e+00   5.7573665e-02
   1.5882939e+00  -1.1018097e+00  -4.1964471e-01   4.7216099e-02  -1.1698012e+00  -8.0124116e-01   8.8614739e-02   3.4538245e-01   6.0371661e-01   7.0976019e-01   4.8024137e-02  -2.2821629e-01  -2.8471455e-01  -5.7200038e-01  -9.1759212e-02   1.5075587e-01   3.9267689e-01   1.4809780e-01   7.1223420e-01  -3.8074240e-01  -1.3865764e-01   1.4204593e-01  -1.7472315e-01   4.0818202e-01  -1.0741553e-01  -5.0487405e-01  -1.0733322e+00  -1.0655166e+00   6.9411820e-01   1.1254892e-01   1.9903778e+00  -7.1458811e-01
  -2.0562208e-01   4.3965995e-01   1.6802159e-01  -5.7189733e-01  -1.9535907e-01   1.3146013e+00  -2.8532127e-01  -1.7526895e+00   3.2784918e-01  -5.1210648e-01  -1.8688439e-01   7.4807024e-01  -3.1593612e-01   6.4702660e-01   1.8795587e-01  -8.3279628e-01   4.0798301e-01  -6.0003042e-01   2.4845131e-01  -6.0128319e-01  -1.7733345e+00   8.6087215e-01  -1.0830643e+00   1.0720751e+00  -8.0739468e-02  -2.5153670e-01  -1.0163026e-01  -2.0285065e-01   7.4699837e-01   2.6415905e-01   6.0830486e-01  -2.8424075e-02
   2.8965536e-01   5.8125842e-01  -3.2551754e-01   2.5455478e-01  -7.6348133e-02  -6.6521865e-01   4.0847880e-01  -9.4065562e-02   2.0018282e+00   1.8263738e-01   7.2336063e-02   1.3040646e+00  -1.0587904e+00  -1.1423972e-01  -9.5527127e-02  -6.8275148e-01  -3.8359225e-01   1.0999645e-01   4.4203767e-01   3.9557502e-01  -4.5337272e-01  -1.0694440e-01  -2.7039421e-01   7.7223587e-01  -5.0006455e-01  -8.2156062e-01  -1.4418617e+00   7.3802692e-01   8.0537999e-01   7.2409727e-02   1.7417371e-01  -1.3405675e+00
   6.0606068e-01  -5.5894053e-01  -4.3614992e-01  -1.3425039e-01   1.6665796e+00   7.6642787e-01  -2.0193414e-01  -1.1164569e+00   1.9489259e-01   1.2271256e+00   6.1076707e-01  -5.2170867e-01  -6.2522191e-01   1.1370950e-01   1.9325157e-01   2.0965792e-01  -4.4151706e-01   6.0392404e-03  -5.8139205e-01  -6.4823836e-01  -9.9699199e-01   5.6844658e-01  -1.8026946e+00  -5.5035657e-01   1.5791541e-01  -5.7209545e-01   8.8106555e-01  -4.6035308e-01   1.8918646e-02  -3.7820247e-01   4.5490256e-01  -5.2154666e-01
   8.7182313e-01   1.3669724e+00   4.0048897e-01  -3.2744479e-01  -1.3768622e+00   4.1338560e-01   2.4892165e-01   3.7772962e-01  -1.0797615e+00  -4.6950218e-01   4.3173630e-02   4.0996453e-01  -6.6939080e-01  -5.2372891e-01  -2.0134868e-02   2.3486350e-01  -5.6753803e-02   4.3260393e-01  -8.9725417e-01  -4.8473191e-01   3.1189072e-01   2.7071336e-01  -6.8263453e-01   6.3120496e-01   5.7576352e-01   2.7727994e-01  -8.3362210e-01   1.4408137e+00   8.8823602e-02  -6.4712697e-01   1.6035835e+00   2.3549263e-01
   2.0497925e+00  -5.7404369e-01  -5.6353575e-01  -2.2771379e-01  -1.2971832e+00  -6.7241174e-01   1.8982744e-01   3.8459674e-01  -6.8001443e-01   1.6848782e-01   1.9493997e-01   1.9712534e-02  -3.7821746e-01  -3.7610772e-01   4.4608791e-03   2.0458029e-01  -1.7234282e-01  -2.8762102e-02  -3.0993518e-01  -4.3130821e-01  -3.3580002e-01   3.8002715e-01  -1.6393086e+00  -7.3288041e-03   2.4323660e-01   1.3794285e-01   3.2896948e-01   1.0655122e+00   4.2968813e-01  -9.0295911e-02   1.6452365e+00   6.6824317e-01
  -1.5396921e-01  -3.9241123e-01  -4.4213465e-01   2.5187814e-01  -1.0309767e+00   7.6920891e-01   1.1309450e+00   1.1498429e+00   4.5389500e-01   7.0116860e-01   9.0046370e-01  -6.1588961e-01  -4.8851353e-01  -4.2558527e-01  -5.4511487e-01   5.2692503e-01  -5.3991789e-01  -4.6123588e-01   1.5894552e-01  -5.3998619e-01  -6.2783605e-01  -1.1923706e-01  -3.2638822e-02  -5.1512116e-01  -1.7433441e+00   9.9487644e-01  -1.1359078e+00  -1.1988115e+00   2.7116281e-01   1.8730310e-01  -1.1585803e-01   2.2543634e-01
   6.2544948e-01  -1.2456179e-01   7.2700733e-01   5.3057814e-01  -2.3173591e-01   1.8059154e-01  -3.0214906e-01  -2.1849371e-02   7.8580374e-01  -1.3496685e+00   1.6372266e+00  -4.3102688e-01  -1.3978502e-01  -8.4080374e-01   4.7745484e-01  -7.9671609e-01  -5.4000509e-01   2.9441744e-01   3.8897583e-01  -3.5421882e-02  -4.6580386e-01  -6.8708098e-01  -1.5644030e-01   7.0666963e-01   6.0248893e-01   1.4410763e+00   5.0134635e-01  -1.2767428e+00  -7.3610383e-01   5.4084820e-01   8.9080703e-01   1.3338220e-01
   1.1646019e+00  -7.9916310e-01   5.1801509e-01   1.1146123e+00  -3.0731265e-02   1.2773123e-01  -1.5349269e-01  -1.5351324e-01  -1.1070234e-01  -8.1433064e-01   7.3323232e-01  -6.1302468e-02  -4.4733638e-01   1.4452330e+00   7.4140149e-01   5.1314640e-01  -8.6734074e-01   6.3551980e-01   1.1094803e+00   9.5244032e-01  -8.7910660e-02   6.3026863e-01  -9.6040994e-01   6.6670313e-02  -1.0124157e-02   3.0337068e-01  -3.9932820e-01  -5.9932061e-02   8.2550198e-01  -8.2997608e-01   9.8022503e-01   9.4814193e-01
  -1.1195506e+00   5.6589353e-01   1.7474741e+00   1.3023539e+00  -4.4852394e-01  -2.7107471e-01  -8.5945688e-02   8.5366547e-01  -1.4704522e-01   4.3099448e-01   7.0974517e-01  -1.6272515e-01  -2.3503062e-01   1.6844904e-01   2.8976956e-01   5.0160386e-02  -5.7385421e-01  -4.0898970e-01   3.0514741e-01  -2.5112408e-01   6.7070365e-01  -5.0767630e-01   2.1353182e-01   4.5462275e-01  -1.6826662e+00  -9.6595031e-01   6.8110347e-01  -8.3718324e-01  -6.9765919e-01   6.3671631e-01  -3.4072375e-01  -4.5612520e-01
   5.2238101e-01  -2.4606055e-01   1.0119388e+00   3.3178532e-01  -5.6447846e-01  -5.0587332e-01  -2.5851858e-01  -1.3217366e+00   9.7734970e-01   3.7131522e-02   1.3982835e+00   1.1621685e+00  -1.0097162e-01  -1.5017442e-01   1.9280230e-01   8.0346599e-02  -1.8310164e+00  -9.0687811e-01   4.1505012e-01   1.0213161e+00  -5.0168868e-02  -1.2222309e+00  -3.3024475e-01   5.3819281e-01  -4.0235615e-01  -1.0053114e-01   1.1497024e-01   1.3697653e-01  -3.2506225e-01   3.9193606e-01   2.3318425e-01  -4.6876252e-02
   1.1690769e+00  -1.3657820e+00  -9.6105468e-01  -9.4399947e-01   5.7876457e-02  -5.9274399e-01  -4.7876713e-01  -5.8851942e-02  -7.4728030e-01   7.7596259e-01   6.4907885e-01   5.4132074e-01  -1.8447621e-01  -1.5690636e-02   5.9546236e-02   1.3598686e-01  -7.9411857e-02   5.0509089e-01  -5.5965984e-01  -1.8358222e-01  -5.5243682e-02   4.2292202e-01  -4.7941944e-01  -1.4076179e-01  -5.6616765e-01  -1.4511647e+00   1.9293079e+00  -5.5937934e-01   1.7771448e-01  -5.6305790e-01   7.2555959e-01   2.4091204e-01
   1.5857188e+00  -1.6030576e+00  -4.6800223e-01  -4.9745098e-01  -4.8745313e-01   1.1013241e-01   3.7459135e-02   1.7614897e-01  -1.2067438e+00  -2.6265490e-01  -8.1350416e-02   3.1269404e-01   1.5204456e-01  -1.7644189e-01   6.1479878e-01   5.4434663e-01   2.9986534e-01   7.2281355e-01  -1.8628899e+00   6.7058361e-01  -8.7903868e-03   5.9312063e-01  -1.4487128e+00   6.1444573e-02  -2.9446167e-01   1.5858345e-01  -4.4683555e-01  -6.7707992e-01   1.0101102e-01   1.3685062e-02  -2.2747314e-02   2.0296666e-01
   1.7730939e-01   9.0040416e-03   6.9354767e-01   1.0307524e+00  -6.3073166e-02  -3.7252924e-01   1.7757374e+00  -1.5385062e+00  -2.3936829e-02  -3.4361634e-02   1.4120215e-01  -4.5374346e-01  -1.0488995e+00  -9.7713351e-02   2.7348456e-01  -3.0013716e-01  -6.0668164e-01  -2.2048669e+00  -4.2303500e-01   5.1468432e-01   1.1557078e+00   2.2674334e-01  -1.8879116e-01  -2.3290884e-01  -1.3307339e-01   7.3502757e-02   2.0949785e-02  -4.2828955e-02   2.7200288e-01   2.3715667e-02  -9.0900049e-02  -3.6293268e-02
   9.4863385e-01  -1.6156843e-01  -1.2007005e-01   3.3438826e-01  -3.2809037e-01  -1.0975238e+00   4.2872262e-01   1.3566981e-01  -3.0739430e-01  -1.8254910e+00   5.8123475e-01   2.8866693e-01  -1.2937601e+00   2.3227246e-01   2.2223563e-01  -4.4266397e-01   5.3815451e-02  -1.0721944e-01   6.5750852e-02   3.4724418e-02  -3.6081791e-01  -3.1263810e-01  -1.3750666e+00   6.9706088e-01  -5.3372341e-01  -1.2009482e-01  -1.1957471e+00   1.5096332e+00  -9.1462225e-02   2.3904265e-01   5.8676714e-01   7.5480187e-01
