   4.6601862e-01   1.9540630e-01   4.1345570e-02  -3.4457809e-01   8.5914338e-01  -2.5720277e-01  -4.3327889e-01  -5.1396078e-01   1.9026082e+00   7.7273272e-02  -7.1073210e-01  -1.3101387e+00   2.4971612e-01  -2.5218612e-01  -2.6336047e-01   2.8923014e-02  -4.3445316e-01  -1.1150157e+00   1.0399742e+00  -1.3131727e+00   6.7464727e-01  -2.7082828e-01   8.1260711e-01   4.6144149e-01  -3.3465013e-01  -3.4061670e-01   6.9224559e-02  -6.7219883e-01
  -1.5783027e-01  -5.1606655e-02  -1.4563562e-01  -4.6093425e-01  -1.9046116e-01   1.5253142e-01  -8.0511433e-01  -1.6186428e-01  -2.8588951e-01   5.4204923e-01  -1.7428118e+00   8.4004873e-01  -3.3332098e-01  -1.6046557e-01  -7.8919637e-01  -9.3191528e-01   3.3887962e-01   4.0531284e-01   5.5632327e-02  -1.9037908e-01  -1.0953192e+00  -2.1155963e+00  -2.2629315e-01   8.3339137e-01   2.9517394e-01  -5.9897065e-01  -2.3612803e-01   1.2924857e-01
   3.0429250e-01   2.3067521e-01   2.0025502e-01  -4.5043513e-01   6.8481791e-01  -1.2017691e-01  -2.4665023e-01  -9.5078605e-01   1.2006348e-01   1.2919760e+00   1.7133596e+00  -1.1409809e-01  -5.6257814e-01  -1.3036420e-06  -7.9230517e-02   7.4159789e-01   8.3798599e-01  -9.6091360e-01   8.6558616e-01   5.0221312e-01  -4.3609324e-01  -1.3305639e+00   9.2883873e-01  -3.3490178e-01  -4.0137994e-01   7.8956068e-01  -4.7328049e-01  -2.9488745e-01
  -4.7099629e-01   2.7486575e-01  -2.9412469e-01  -1.3019028e-02   2.4586798e-01   3.1547010e-01  -1.1946115e-02   2.1478574e-01   4.2137835e-02  -2.2453742e+00   1.0131855e+00  -8.1425291e-01   2.4843367e-02   5.4587376e-01  -1.5736671e-01   4.1123748e-01   7.2297287e-01   7.5684547e-02  -8.4004426e-01  -1.1483760e+00  -6.4902328e-02   6.9028461e-01   1.2392071e+00  -7.9468125e-01  -4.3738753e-01   1.1475202e-02   5.6376988e-01   6.8860781e-01
  -8.6207205e-01  -2.3730621e-01  -1.6544275e-01   3.5579839e-01   1.9882998e+00  -1.2020290e+00  -4.3572789e-01  -9.3780035e-01  -1.6213512e-01  -5.8115087e-02  -9.8448418e-02  -1.2170524e-02  -4.0008959e-01  -2.3930272e-01   7.9466200e-01  -1.0003132e+00  -4.7537684e-02  -6.4844358e-01   1.8171482e+00  -9.6286774e-02   1.7031017e-01  -3.1728026e-01   7.5831342e-01   4.8165801e-01   1.1134379e-04   5.3795584e-02  -1.2688792e-01  -1.7928453e-02
   2.6762223e-01   5.6228660e-02   2.7946162e-01   2.3536220e-01  -1.0416273e+00   2.0983742e-01  -1.2172776e+00  -2.8379452e-01   1.1887690e+00   4.6839976e-01   9.5098007e-01   9.2650265e-01   4.6122033e-02   5.7033008e-01  -3.6839670e-01   6.1994427e-01  -2.9706183e-01   6.4330333e-01   4.7043416e-01  -4.6732143e-01   4.8415488e-01   2.7208686e-02  -3.9136806e-01  -1.7270988e-02  -1.7071781e-01   1.7520980e+00   5.9582758e-01  -1.4398639e+00
   6.6517554e-02   6.0375314e-02  -2.9251922e-02   3.6935661e-02   1.2920706e-01   1.8257420e-01  -1.7126259e-01   3.2550383e-02  -2.3369128e-01   8.2386333e-01  -7.6648468e-01  -3.2357207e-01   1.4045414e+00   1.0324887e+00  -1.0870124e+00   1.1747874e+00   6.8394050e-02  -2.7782288e-01   1.3360649e-01   2.1100971e-01   5.0692314e-01   8.5398072e-01   1.0106267e+00  -3.8656911e-01  -2.3782590e-01   1.4300668e+00   1.4867209e+00   5.1957119e-01
   1.8075648e-01  -1.4982317e-01   5.6338508e-02  -2.5818354e-01   4.7805530e-01   4.3684143e-01   5.5070192e-01   1.1650398e-01   1.0684232e-01  -1.4530784e+00  -5.4434913e-01  -1.1150972e+00  -4.4861299e-01   1.1337142e+00   1.7536645e-01   9.8017341e-01   5.5610645e-01  -3.8295683e-01  -2.4507919e-01   7.9866254e-01  -1.1223706e+00  -7.5292665e-01   1.5956062e+00   1.0940483e-01  -7.6282734e-01   2.2730753e-01   5.9136826e-01  -6.9029033e-01
   1.8955392e+00  -2.1344256e-01  -1.1262475e+00   8.7120764e-02  -2.2275549e-01  -8.7609583e-01   1.6134305e-01   5.2578402e-01   3.6611935e-01  -5.1352155e-01  -2.9627195e-01   2.7795365e-01   7.8263484e-02   3.6856573e-02  -2.9851652e-03   3.1470492e-02  -3.0839369e-01   2.5424561e-01  -4.1447932e-01   5.5435306e-01  -5.6747860e-01   8.0872673e-01  -7.5048274e-01   1.3368129e+00  -7.8086847e-01  -6.2721848e-01  -1.2442075e+00  -9.3702477e-01
   6.8820380e-02  -1.3234487e-01   3.8332317e-02   1.3243361e+00   2.5317740e-01   3.9031651e-02  -1.5995845e+00   1.1309036e+00   3.0574398e-02   1.3437226e-01  -1.0228746e+00  -4.9615178e-01   4.7974508e-02  -1.8383454e-01  -1.1975135e-01   1.3331801e-02   1.5773480e-01  -8.3557487e-01  -1.1236144e-02  -7.8729466e-02   5.0051349e-01   1.5731643e+00   1.3936888e-01   1.3623185e-01  -1.6626134e+00  -8.0270165e-01  -2.2939689e-01   5.6245532e-02
  -1.0472055e-01  -3.0485973e-02  -3.6803335e-01  -2.6251677e-01  -3.4202918e-01   2.3748921e-01  -2.2136548e+00   1.0382923e-01   7.6462720e-03   1.7597829e-01  -8.0315970e-02   1.2086560e+00   1.1776600e-01   3.1558461e-02   1.9983524e-02  -2.9050696e-01   4.2420724e-01  -3.6175534e-01  -9.5202088e-02   2.0019373e-02   1.4850328e+00  -3.0921793e-01  -3.6887318e-01  -8.8754579e-02  -2.0339389e+00  -1.4199917e-01   3.6558479e-01   2.1315265e-01
   1.0166724e-01  -1.2367462e+00   3.2637954e-02   1.2160975e+00   4.1036364e-02  -1.4797039e-01   6.3306540e-02   1.4217989e-01  -1.1734307e+00  -1.2989838e-01   5.2457279e-01  -9.9279076e-01  -7.8822398e-01   9.3812066e-01  -1.0521127e+00   4.4803613e-01  -4.8689654e-01  -9.9314672e-01  -1.0251105e+00   1.5284652e-02  -3.0040681e-01   2.7907762e-01   4.5693937e-01  -1.4613935e-01   1.0360771e+00  -2.7635241e-01  -1.2173146e+00  -4.0526482e-01
  -3.8445825e-03   1.2454489e-01   4.9649286e-01   4.6607640e-01   1.0502869e-01  -2.4546881e-01  -2.2921951e-01  -2.3059344e+00   9.9166036e-02  -1.6789865e-01  -4.6267282e-02  -1.0476160e+00  -6.4071018e-01   1.2383052e+00   6.8143040e-02   2.3686163e-02   1.8295126e+00   6.4599097e-01   3.9339628e-02  -2.0845260e-01  -3.0551130e-01  -1.0159619e+00  -9.2649534e-02   7.4596085e-02   1.2091824e-01   1.6339244e-01   4.2511333e-02  -2.4338977e-02
  -3.2791147e-01   1.1659755e+00   6.0469949e-01   2.0960581e+00   1.3630892e-01  -5.3184259e-01  -2.7476490e-01  -1.0613482e+00  -1.2200864e-01  -9.2417710e-02  -2.6817220e-01  -9.5848583e-02   8.6111892e-03   2.4263349e-01  -9.8670252e-02  -5.8716677e-02  -4.6240652e-01   6.6791934e-01   9.2712738e-02  -3.1192467e-01   9.3221772e-01  -1.7308644e+00  -1.2681428e-01   8.5195094e-01  -7.6095951e-01   2.1271846e-01   2.8598440e-01  -1.2269329e-01
  -6.8615758e-01  -1.7015291e-03   1.6270618e+00   7.0159549e-01   3.5469756e-01  -4.2307150e-01  -1.2172831e+00   7.2773260e-01   8.7729096e-02   3.1414071e-01   1.5078227e-01  -7.1658474e-01  -1.4173697e+00   1.2324224e+00  -7.8963530e-01   2.2182475e-01   1.2347343e+00   7.5803578e-01   3.7962961e-01   5.9356046e-01   1.9961075e-01   6.0245949e-01  -8.0129273e-02   3.3351621e-01   6.3976340e-02  -2.9003477e-01   1.0677297e-01  -1.2089471e-01
  -3.2762998e-01   1.1948581e+00   8.7213808e-01  -3.0567256e-01   1.5717760e+00  -6.2006849e-01  -1.1203854e+00  -6.8828970e-01  -1.8993363e-01   1.2591915e-01   7.5779818e-02   2.0011361e-01  -1.0575374e+00   1.0305374e+00  -1.8938693e+00  -3.3165190e-01  -2.9668581e-01  -3.6601883e-01   1.9134332e-01  -5.9300601e-01   3.5955659e-01   1.4791782e-01   1.1178254e-01   5.1878643e-01  -4.4144209e-02   5.0818656e-02  -6.6066615e-02  -1.1963133e-02
   9.9502701e-01  -1.8830143e-01   8.0147231e-01  -1.1307842e+00   1.0877525e+00  -2.5858134e-01   6.2706792e-01  -1.3043150e+00   3.8485882e-01  -2.0243312e-01   7.4179791e-02  -5.3120953e-01   1.5990480e+00  -4.6017477e-01  -8.4646755e-01   9.3892032e-01   1.0936077e+00  -4.7580951e-01  -5.6660670e-01   7.5447267e-01   9.8080970e-03  -5.7010865e-01   1.7644587e-01   3.8578081e-01  -5.9541274e-02  -1.2467844e-01   1.2699299e-01   1.1132502e-01
   1.0962102e+00   1.1350106e+00   6.4496404e-01  -1.3168492e+00   1.0754137e+00  -1.5681568e-01  -4.2279777e-01  -9.3912536e-01  -5.6821316e-01   1.9274974e-01   3.9403102e-01   3.7266910e-01  -4.0817103e-01  -7.6812238e-01   7.1228361e-01  -6.8244874e-01  -1.1604095e+00  -1.5579928e-01  -1.6350262e-01  -1.2043124e+00   6.3505560e-01  -6.6072321e-01   8.9143586e-01   4.9638081e-01  -8.1967767e-03  -3.9907169e-02   5.7296429e-02  -2.3504416e-02
   6.6517496e-01   2.0952725e+00   7.2595012e-01   1.2392180e+00  -2.1416089e-01   4.3229052e-01  -1.2277179e-01   3.1628036e-01  -2.6715499e-01  -1.0710939e-01  -3.3931765e-01  -4.0697675e-02   3.4323859e-01   1.0980400e+00  -9.6098667e-01  -1.5323253e+00  -3.8213107e-01  -4.5643154e-01   8.2289201e-01   5.2753431e-01  -3.8441229e-01   1.4139949e-01   5.7114762e-01  -3.6522591e-01  -7.7672228e-02   1.1513811e-02   1.3726242e-01  -5.9999512e-03
   5.1033652e-01  -7.0902801e-01   1.2695431e+00  -3.7634429e-01   9.1102970e-01  -2.9652885e-01   1.3038653e+00   4.3563542e-01  -4.7846302e-01  -2.6511675e-02  -5.9793162e-01  -5.7284898e-01  -1.5061037e-03  -4.9628239e-02   8.1934445e-03  -1.8007705e-01  -5.1466680e-01   4.8146942e-01   5.5089051e-01   3.9622705e-02  -1.8661844e+00  -3.6167029e-01   6.7513263e-01   1.1680562e+00  -9.7174096e-01   1.8003170e-01   5.5235088e-01   4.5640826e-01
  -8.7633246e-01  -1.0363420e+00  -6.4294565e-01   1.5703341e+00   4.0968853e-01  -4.3729145e-02  -2.4793059e-01  -3.7594023e-01  -2.5950840e-01  -6.9927645e-01  -5.1003873e-01   7.4034935e-01  -3.4999558e-01   3.9447007e-01  -4.1429475e-01  -1.5806766e-01  -2.0135902e-01   1.9377053e+00  -1.5376014e+00   5.1747477e-01  -6.9358982e-03   2.0318559e-01  -1.5253636e-01   1.1762877e-01  -5.2133238e-01  -2.1325535e-01  -5.1941164e-02  -4.9111009e-01
  -6.7211109e-01  -2.6239166e-02   5.9619710e-02   3.7739426e-01   1.5476719e+00   8.6909163e-01   3.5525474e-01  -9.5525324e-01  -1.0968161e+00   8.5043329e-01   5.5043709e-01   5.1451802e-01   2.7998656e-01   1.5549552e-01   1.1021544e-01  -5.3018164e-02   2.9800540e-02   4.9024975e-01  -9.2300695e-01  -4.1863389e-02  -2.6216832e-01  -5.3181291e-01   1.0351524e+00  -4.4599888e-01  -7.5031632e-01  -4.6085966e-01   1.0235866e+00  -1.4355338e+00
  -9.7354466e-01   9.5308685e-01   3.5937855e-01   1.2913023e-01   2.5804955e-01  -1.4137639e+00  -3.6696512e-01   5.3944901e-02   5.9226424e-01  -1.4574690e+00  -4.3721774e-01  -6.9523320e-02   1.4021078e-01   3.1417316e-01   5.2145783e-02   9.0346090e-02  -7.5265147e-02   2.4840832e-01  -5.1353502e-01   5.7476997e-01   8.9374043e-02   2.6808479e-01  -2.6298156e-01   1.0828769e+00   5.0080884e-01   2.9516661e-01   7.4805790e-01   2.0283675e+00
   3.8172531e-01   1.2016028e+00   8.8725573e-01  -8.3385831e-01   9.2787427e-01  -5.3971511e-01  -8.3154583e-01  -6.0819995e-01  -3.3474222e-01  -7.7174646e-01  -6.3233429e-01   6.4921862e-01   3.9236116e-01  -1.9803248e-01   3.0522969e-01   3.7175378e-01  -7.0084155e-01   1.5483713e+00  -1.7129233e+00   5.9815254e-02   1.9484831e-01   1.8209265e-01  -1.7544175e-02   2.3892024e-01   6.0543436e-01  -1.7628941e-01   4.0748838e-01   4.9220312e-01
  -2.3538133e-02  -3.0079979e-02  -7.6717809e-02   6.4553451e-03   2.2925419e-01  -3.2893869e-01  -2.1894994e-01  -1.2766930e-01   7.6858783e-01  -8.4390980e-01  -5.7723588e-01  -4.0181959e-01   5.6160334e-02   1.9620963e+00   1.1513691e+00  -2.5328761e-01   3.7441903e-01   5.3789943e-02   1.0116011e-01   3.8548735e-01   1.3034035e-02  -1.1109985e-02  -1.3009443e-02   2.0144542e-01  -1.1552218e+00   4.5164454e-01  -1.2601420e+00  -1.8049453e+00
   6.4781085e-02   1.3461080e-01  -9.2172585e-02  -9.9336646e-02   7.8223598e-01  -3.3052817e-02  -1.3790272e+00  -4.7650003e-01  -7.9680389e-01   4.0518396e-02   1.3823576e+00   5.0212651e-01  -1.5218499e-01   4.6975410e-01   7.9457819e-01  -5.6618595e-01  -5.6147319e-01   6.8234277e-01  -4.7105628e-01   2.4795033e-01   1.7697946e+00   8.0776721e-01   7.1421874e-01   8.3105367e-01  -9.4859666e-01   1.3780323e-01  -4.7188509e-01  -1.7634039e-01
   2.8935663e-02   2.5705827e-02  -8.9685977e-02   6.2608987e-02   1.0594798e-01  -1.0513012e-01  -5.8105569e-02   7.4831881e-02  -7.4890018e-02   1.0434310e+00   4.8612842e-01  -9.7166800e-01  -5.3651208e-01   1.3516036e+00   1.1318839e+00  -1.0951394e+00  -2.2106032e-01   5.2358001e-02  -1.8348853e-01  -3.4172338e-02  -2.4038766e-01  -1.1509926e+00   3.1758347e-01  -1.0445712e+00  -1.4484334e+00   4.8482084e-01  -1.4236661e+00  -2.5389051e-01
   4.1962358e-01  -1.1407855e-01  -5.6475168e-01   3.8501027e-01   1.1755922e+00  -8.4242016e-01  -1.0816067e+00   1.7278275e+00   5.2889626e-02   2.8490469e-01  -3.0728161e-01  -4.1770351e-01   8.5158813e-01   4.5099097e-01   6.7836648e-01   5.1185973e-02  -1.6124694e+00  -7.4556130e-01  -1.1780055e+00   4.6165148e-03  -3.9930999e-01  -3.0289617e-01  -3.2554290e-01  -1.2087208e-01  -1.8042962e-01  -5.1670319e-01  -2.2858299e-01  -2.9207245e-01
  -6.6936322e-02   6.6521848e-03  -9.6585676e-02  -2.8661933e-02   4.1218442e-01  -1.1133450e-01   9.0842122e-01   2.5183314e-01   5.2939969e-01   4.0474465e-01   3.8622764e-01   1.6052992e+00  -1.9159772e-01  -4.8529217e-01   4.8550573e-01  -1.5425806e+00  -2.4855965e-01   5.9102297e-01   2.0385332e-01  -8.2317092e-02  -2.0703804e+00   1.0998882e+00   8.2562548e-01   1.0544881e-01   4.1442847e-01  -1.3346361e-01  -1.3596451e-01  -1.3293170e-02
  -5.2956331e-01  -9.5015520e-01  -5.0867093e-01   5.7400149e-01   1.2601451e+00  -9.5516306e-01  -1.0190908e+00  -5.9266990e-01  -2.5365738e-02  -1.0370241e+00  -7.1430284e-01   1.9325164e-01   2.5164238e-01  -5.5347699e-01   9.0503073e-01   8.5004130e-03  -2.4984646e-01   1.0845982e+00  -1.4907610e+00   5.1964188e-01  -1.1688471e-01  -7.7170366e-01   8.8887191e-01  -5.9594274e-01  -9.2882194e-02  -1.1895681e-01  -1.6633116e-02  -1.3165057e-01
  -3.7881848e-01  -7.8471549e-02   1.7330888e-01   1.7205949e-01   8.8180405e-01  -4.1370455e-02  -3.8772333e-01  -3.7104622e-01   1.3438720e-01  -1.9632866e+00  -8.4173471e-01   6.8329185e-01  -5.1107311e-01  -6.6950321e-01  -2.0592225e-01   4.6643496e-01   7.5009322e-01  -3.4439497e-02   7.9253197e-01   1.2223047e+00   7.2393298e-01  -5.6097972e-01   1.4675251e+00   8.1048912e-01   2.8642574e-01  -6.6494651e-02   3.0988222e-01   4.3393454e-01
  -4.1961825e-01  -5.7017654e-01  -1.1972418e-01   2.8453565e-01   7.2540671e-01  -2.8536904e-01  -2.4236360e-01  -2.1149887e-01  -1.1422849e-01   2.1691222e+00   7.3971462e-01  -1.6650742e-01  -4.6968587e-02   6.6452491e-01  -4.3415093e-01   1.7414434e-01  -5.9186172e-01   5.1005685e-01  -1.9649704e+00  -9.4834453e-01   3.2005766e-01  -9.6711852e-02   4.8333457e-01   9.3957776e-01   7.3198937e-02   4.0301971e-02  -3.0091181e-01   2.0021585e-01
