   5.3512996e-01   4.4117257e-01   2.1341942e-02  -1.7720938e-02   2.0477591e+00   1.6038543e-02   4.5527227e-02  -8.8308118e-02   2.4355415e-02   3.8789693e-01  -1.6467562e-01   5.5444020e-01   2.1823265e-01  -3.3003491e-01   2.0199342e+00  -1.5177312e-01   5.7096440e-02   1.2067898e-01  -2.1493873e-01  -7.1096420e-01
   1.9923061e-01   5.6310928e-01   6.0914177e-02  -9.5949136e-03   2.1202698e+00   1.0476084e-01  -2.0585699e-01  -2.4414216e-01  -1.2035321e-01   3.8689680e-02  -1.4821187e-01  -8.0322528e-01   3.9374553e-02  -1.4551631e-01   2.0219331e+00   2.5562692e-01   7.3414870e-02  -3.0430230e-01   2.6576030e-01   5.3749111e-02
   1.2618138e+00   5.6798768e-01  -1.8998791e-01  -1.2777974e-01   1.0020603e+00  -1.7978564e-01  -3.8602266e-01   3.0537637e-02   1.2018132e+00   4.5511600e-01  -5.7514768e-02  -9.1559434e-01  -9.8872818e-02   3.8362396e-01   8.2524651e-01   2.3425823e-01   9.5019840e-02   4.8094776e-01   1.5653442e+00   8.7738138e-01
   6.2734053e-02   3.9254043e-02  -3.3695348e-02  -5.0003663e-02   8.4493017e-01   2.5814873e-01  -4.4690728e-01  -8.2399744e-01   1.4769129e+00   4.3012521e-01  -7.3222363e-01  -1.3888508e+00  -4.9373460e-01   1.2578086e+00   1.1989058e+00  -4.4549066e-01   8.4107444e-03  -1.4754690e-01  -1.0437432e-01   7.6662913e-02
   1.1738410e+00  -7.4999636e-01   8.9145911e-01  -4.9954998e-01   9.0410030e-01  -3.2871488e-02   6.2779242e-01   8.5292988e-02   2.1245946e-01   1.0366623e-01  -1.4275311e-01   1.3718161e-01  -1.3584933e+00  -2.0798397e-01   1.7288820e+00  -9.4806785e-03  -3.4471369e-01   4.2148504e-01   4.3677324e-01  -5.7901770e-01
   1.1746558e+00  -1.1842732e+00  -7.3032278e-01   4.6473989e-01   2.9019013e-01  -2.2253160e-01  -2.2014403e-01   3.5200585e-03   8.9754194e-01  -2.7020839e-01  -2.7054015e-01   5.9279865e-01   3.7460068e-01  -4.5043525e-01   9.8939186e-01   2.5027505e-01   5.9262395e-01  -7.1479666e-01   1.6446197e+00  -1.7680344e-01
  -4.6353155e-01   3.1228317e-02   7.6701627e-03  -7.0450135e-02   1.5758926e+00  -4.9105728e-01  -2.9491270e-01  -8.5370295e-02   1.2967875e+00  -4.3089244e-01  -9.1517943e-01  -5.7441175e-01  -1.9526076e-01   2.5483212e-01   4.5176309e-01   1.8378578e-01   2.9305008e-01  -5.7596736e-02   1.8577756e+00   2.0980029e-01
   7.3222679e-01   1.6408883e-01  -1.0694510e-01   4.1925871e-01   1.5357181e+00  -1.7612832e-02   4.8512723e-02   9.6057379e-01   7.3076797e-01   2.3044914e-01  -6.7288178e-01   1.9808474e-03  -3.6294532e-01   6.4584488e-01   1.1755279e+00  -1.9182812e-01   6.5312821e-01   7.1807271e-01   8.6087519e-01  -1.1292412e+00
   1.2574098e+00  -1.5497330e-01  -1.9195068e-01   4.7116615e-02   1.6767660e+00  -5.1490843e-01  -1.5593715e-01   1.0840563e-01   4.1616850e-02   2.3697434e-01   3.8549703e-01  -1.4494939e-01   2.1300159e-01   4.3908352e-01   2.0584924e+00   1.4308304e-01   1.1783052e-02  -1.4845134e-01  -3.7149674e-01  -5.9947872e-01
   1.7914240e+00   5.6890363e-01   1.1621859e-01   1.5476831e-02   9.0746677e-01  -1.0671872e-01   1.4689249e-01  -8.9169696e-02   6.4238185e-01  -1.1320064e-01  -6.2875044e-01  -7.5769722e-01  -3.1571135e-01   3.1611621e-01   1.7229141e+00   1.1857119e-01   7.6052085e-02   3.7529998e-02   5.5941504e-01  -8.3177841e-01
  -1.0151961e-01  -2.7063085e-02  -1.6677307e-02   3.1241957e-02   2.1222827e+00   3.7555146e-01  -2.4183971e-01  -4.4981965e-01   2.9118258e-01   1.7801937e-01  -4.7397879e-01  -2.3867513e-01   1.2450837e-01  -2.9120252e-01   1.7886366e+00   4.5849252e-02   2.2640659e-01  -2.7531442e-01   1.0763788e+00  -3.1046003e-01
   1.2852972e+00   8.1878048e-01   3.7423936e-01   1.9984263e-01   1.4461435e+00  -1.3438401e-01   1.9359112e-01  -4.4651683e-02   3.6080980e-01   1.2268056e-01  -9.6458030e-01  -2.0919436e-01  -6.1803418e-01  -1.0340737e-01   1.8955612e+00   4.8201885e-03   1.4126547e-01  -1.0183354e-01   4.2181334e-01   1.8777049e-01
   9.9869007e-01   7.6284158e-01   5.8286601e-01   1.7764568e-01   1.2945758e+00   2.5326336e-02   5.9765750e-01  -2.3126796e-01   1.4346240e-01   8.6650336e-01  -5.9958506e-01   6.4489496e-01  -1.0683498e-01  -4.8886350e-01   1.1469442e+00  -1.7971008e-01  -8.6079225e-02   8.4551883e-01  -1.0379137e+00  -1.0087599e+00
   7.1070081e-01  -8.3375496e-01   6.0250419e-01  -1.6498989e-01   1.4092388e+00  -1.9059841e-01   6.1403608e-01   3.6920783e-01   8.9006788e-01  -2.1775047e-01  -7.0960754e-01   7.8812999e-01  -7.6307273e-01   8.6508699e-02   1.3688084e+00  -3.1974113e-01   1.0126073e-01   5.8122391e-01   6.1854517e-01  -7.8310412e-01
   4.0377069e-01  -2.6395449e-01  -3.5548747e-01   2.8897390e-01   6.2067604e-01  -2.6982802e-01  -5.5757850e-01   3.2368088e-01   1.8180610e+00   6.7641771e-01  -1.9135455e+00  -3.7996715e-01  -5.4440165e-01   5.6276854e-02   5.3479469e-01  -1.6093381e-01   4.6306249e-01  -1.7999335e-01  -3.9688218e-01   3.1465629e-01
  -4.6254817e-02   4.6926200e-01  -4.1756742e-02  -1.1308791e-01   1.7925093e+00  -1.3959543e-01  -4.3235686e-01   2.9591402e-01   8.8755673e-01   4.9185747e-01  -2.7087057e-01  -3.7497297e-01   1.6462325e-01   2.5473925e-01   6.8525970e-01  -2.0663026e-01   6.1856198e-01  -2.0195098e-01   1.2688746e+00  -1.5409977e+00
   8.5043681e-01   4.1969958e-01   3.1358674e-02   1.7729282e+00   3.0686533e-01   7.3647052e-02   1.0483073e-01   5.1408428e-01  -2.2298086e-01   1.1292832e-01  -3.6692688e-01  -4.1601676e-01   5.5357330e-02   6.8366307e-01   2.4509847e-01  -2.5167528e-01   7.3192644e-01  -1.7124165e+00  -1.0280213e+00   3.0417421e-01
   6.5290880e-01   1.6113431e+00   2.1614674e-01   2.9648635e-01   1.0633600e+00   1.2560144e-01   9.1448143e-02   4.9442463e-02  -6.7587906e-01   4.1955665e-01  -1.2033699e+00  -2.5210056e-01   6.9979697e-02  -3.2225749e-01   1.1487992e+00  -3.8551131e-01   2.8740644e-01   8.1140764e-02  -1.0224885e+00   9.1053504e-01
  -3.9558839e-02   1.0820653e+00   7.9550910e-01   4.0972129e-01   1.2381709e+00  -2.1732177e-01   1.9524093e-01  -9.5369840e-01  -7.7503467e-01   1.7487746e-01  -6.5998155e-01  -8.3594882e-01   2.6088175e-01  -1.1056137e+00   1.2794547e+00   3.7828499e-01   5.7044268e-01  -1.2919864e-02  -3.9804381e-01   4.2273614e-01
   4.4119978e-01   3.4973076e-01  -9.5358655e-02   1.3918829e-02   1.6525091e+00  -6.5347052e-01  -4.9088653e-03   3.2130742e-01  -8.3233392e-01   7.7445441e-01  -8.7734777e-01  -5.1605439e-01   2.4498039e-01  -2.4077752e-01   5.4004568e-01  -1.6091924e-02  -1.9995394e-01  -2.7329645e-01  -1.7559344e+00  -6.9006222e-01
   5.0839305e-01  -1.1898649e+00   3.9762616e-02   5.2709371e-02   1.6149814e+00   2.5308606e-01  -7.8972399e-02   3.5032675e-02  -3.6716652e-01   5.4885000e-01  -3.0335557e-01   3.8046896e-01   4.5765561e-01   3.8196497e-02   1.5615085e+00   1.4632426e-01  -1.8897116e-02  -7.8923352e-02  -6.7133546e-01  -1.3568289e+00
   9.5458227e-01  -7.2338355e-01   1.6571997e-01   1.2497935e+00   7.2909683e-01  -6.8726830e-02  -2.3638394e-01   5.7909942e-01  -5.5087614e-01   7.6873136e-01  -1.0237200e+00   2.7001441e-01   4.0212905e-01  -5.4609400e-01   4.3831778e-01  -5.3389776e-01  -5.2155167e-01  -1.1844107e+00  -9.6404165e-01  -7.0132995e-01
  -1.1247410e+00   2.3791726e-01   1.0583537e+00  -1.5317550e-01   8.9203924e-01   6.1928350e-01  -7.1753031e-01  -4.3007937e-01  -5.3711116e-01   9.0176177e-01  -1.1516787e+00  -2.3391992e-01   5.5960739e-01  -8.1176931e-01   1.1075140e+00  -2.8436452e-01   4.0423006e-01  -5.1177388e-01   3.9735809e-01  -5.5693859e-01
   1.3259646e-01   1.8468618e-02  -1.1877810e-04  -1.2698068e-01   4.8786372e-01   1.0668509e+00   9.7016549e-01  -6.5993470e-01  -1.5039419e+00  -5.4295623e-01  -3.1288978e-01   1.5816821e+00   8.2662773e-01  -2.6578191e-01  -3.8675848e-01  -7.7768505e-01   5.4117554e-01  -4.9268972e-02  -8.6928442e-02  -4.9557111e-01
   1.9164978e+00   2.5481594e-01   5.1273316e-01   1.5969580e-02   6.4928818e-01  -2.2581139e-01   9.5450610e-02  -1.0738327e-01   2.9290614e-01   5.0103945e-01  -4.7884730e-01   6.6055119e-02  -4.3935362e-01  -3.6265412e-01   1.8212420e+00  -1.9197659e-01   2.0424882e-01   2.9400244e-01  -7.9559171e-01  -7.0413494e-01
   8.6001337e-01   9.9435270e-01   2.2885762e-01  -5.8795442e-03   1.7431515e+00  -2.3276250e-01   9.3853459e-02  -3.0459729e-01  -3.4858510e-01   8.2176521e-02  -4.4739470e-01  -1.9303992e-01  -4.1480329e-02  -1.9207107e-01   1.7736454e+00  -3.3319801e-01   1.0013416e-01   4.4508532e-02  -1.1464155e+00   1.9356556e-01
   2.3509022e-02   9.9984044e-01  -1.2931165e-01   1.2102119e-01   1.8617270e+00  -5.2696679e-02   3.6572423e-02   1.6834363e-01   3.1954464e-02   6.3653189e-01  -1.2245382e+00  -2.8863242e-01  -8.3954006e-02  -2.8062433e-01   1.6391116e+00   1.5296187e-01   1.9737414e-01   3.5947007e-03  -2.2900416e-01  -7.7047110e-01
  -5.2756554e-01   1.8082755e+00   2.8370100e-01   4.3940467e-01   7.9110909e-01   4.2291999e-02   9.9944927e-02  -2.1022873e-01  -3.7675086e-02   5.7267863e-01  -8.9905363e-01  -5.6423461e-01  -5.0223231e-01  -4.7155854e-01   1.6812016e+00  -7.0889366e-01   1.4181039e-01  -8.7946085e-03  -4.5837900e-01  -8.0710717e-02
   3.2300597e-01  -2.0702404e-01   3.8873479e-01   6.2254757e-02   5.0061888e-01  -5.9091383e-01   7.7055597e-01  -1.1786570e-01   2.3724297e-01   1.6324009e+00  -9.0409148e-01   1.3910465e+00   7.4310374e-01  -9.3910336e-01   1.1449567e+00  -2.7773342e-01   2.9886112e-01   9.2505544e-02   1.8621087e-01   2.4946463e-01
  -4.1874621e-02   1.7694731e-01  -5.0355591e-02  -7.5165100e-02   1.9042569e+00  -3.4114978e-01  -5.0257081e-01   6.1810058e-01  -7.9380125e-02   8.0044317e-01  -5.8370280e-01   1.1137103e-01   4.6427000e-01  -1.4052938e-02   9.9706173e-01  -2.3479325e-01   4.5992237e-02  -5.9957427e-01  -5.9595823e-01  -1.6123431e+00
  -1.0269197e+00  -2.8485379e-01   4.7535825e-01  -2.4484289e-01   1.6917157e+00   1.5590864e-01  -5.8465636e-01   4.8572588e-01  -2.5187635e-01   2.9899850e-01  -6.9095844e-01   1.4303753e-01   7.8869092e-01   7.2872780e-02   1.6397253e+00  -5.5628896e-01   3.4382117e-01  -2.8228775e-01  -1.7249843e-01  -7.8136927e-01
   1.4663409e-01  -6.0484391e-01   4.9728683e-01   3.1026506e-01   7.2439206e-01   6.6177234e-02  -2.7695650e-01   6.2631935e-01   2.1138847e-01   1.8106500e+00  -1.7873209e+00  -3.8935494e-01  -5.6816274e-01  -3.7664464e-01   5.4344255e-01  -4.5484668e-01   2.6669949e-01  -4.7392192e-01   3.9655152e-01   4.2647228e-01
   5.1356119e-01   2.8315881e-01  -4.1573849e-01  -5.1172554e-02   1.6075205e+00   4.3424544e-01  -1.1836544e+00   1.0210203e-01  -1.7136306e-01  -2.6961952e-01  -1.4699706e-01   3.1034207e-01   1.1000110e+00   4.4693029e-01   1.6339654e+00  -1.9717745e-01  -8.5886165e-02   6.0347182e-01   2.5088156e-02   7.6538205e-01
   5.3931825e-02  -9.2364408e-02   5.6200068e-02  -8.4844090e-02   4.7805569e-01   1.6223399e-01   4.8989344e-01   2.1252136e-01  -9.9331623e-01  -1.1608050e+00  -8.6431652e-01  -1.2624170e+00   1.4375592e+00   5.5597371e-01   1.3158746e+00   7.8438109e-01   5.6905448e-02  -1.4365466e-01   8.7076791e-02  -9.6854627e-02
   3.6282185e-01   5.7671356e-01   1.7125174e-01  -9.3051724e-02   1.8181584e+00   1.5124354e-01   9.4294682e-02  -5.5580324e-01   8.4015334e-01   6.3997670e-03  -7.6130325e-01  -4.2284712e-01  -5.4039782e-01   1.0549121e-01   1.1889886e+00  -7.0620650e-01  -9.0067022e-02  -4.3591028e-01   1.3950325e+00  -1.6518629e-01
   1.1545005e+00   1.2575533e+00   4.0942267e-02  -2.3737597e-01   1.2229503e+00  -2.1924944e-01  -2.4141620e-01  -9.5448978e-02   3.9210853e-01  -5.9387851e-01  -1.0857563e-01   3.3700038e-03   1.1161422e-01   3.5749447e-02   1.5659928e+00   7.3371090e-02   3.4389209e-02   1.4370461e-01   2.4412312e-01   1.5314931e+00
   1.1393199e+00  -7.7346027e-01  -1.0797714e-01  -3.2479867e-01   1.4541868e+00  -3.7026626e-01   6.8527304e-02  -4.3301597e-01   1.5555848e-01  -7.5607580e-01  -8.9643580e-01   3.9837885e-01  -3.2510236e-01   2.1437360e-01   1.3569582e+00  -1.7877372e-01   1.2029926e-01  -2.9997292e-01   6.1069632e-01   1.2174151e+00
   3.6242703e-01  -6.7899954e-01   3.9246868e-02  -1.5894769e-01   2.0271289e+00   7.2437912e-02   4.7284251e-01  -8.9296594e-02   1.6317415e-01  -8.4790833e-02  -7.8103775e-01   1.1936485e-01  -4.2794442e-01  -9.6576862e-02   2.0244687e+00  -6.1169364e-02   2.4799046e-01   7.2996385e-02   3.7880521e-02  -1.1714584e-01
   2.0927303e-01  -1.1444807e+00  -5.2480483e-01  -1.4867309e-01   1.0452594e+00  -2.4305339e-01   1.8084999e-02  -2.8884152e-01   1.0935671e+00  -8.2196844e-01  -1.2546204e+00   5.9274822e-02  -3.6034027e-01  -1.0968694e-01   5.4960620e-01   1.9427845e-01   4.0298662e-01  -5.6473964e-01   5.2449018e-01   1.5576370e+00
  -3.4747553e-01  -5.7442814e-01  -1.1157776e-01   6.6249855e-02   1.5946945e+00  -9.8960465e-01  -8.3672345e-02  -3.3252004e-01   5.3502709e-01  -7.0578951e-01  -1.1533636e+00  -1.1484001e-01  -3.3117509e-01   1.2039600e-01   1.2017570e+00   2.4469265e-01   1.5264982e-02  -3.4369633e-01   1.2032517e+00   7.5514627e-01
   1.8172308e+00  -6.2205142e-01  -2.5710061e-01  -4.2890403e-02   7.5683242e-01   3.5057905e-01  -4.7551464e-02  -1.5303040e-01   2.6706579e-01  -6.2346065e-01   8.8178717e-02   2.0367948e-03   2.0681870e-01  -6.1903883e-02   8.8467246e-01  -3.3467202e-03   2.5457022e-01   2.0876856e-01   5.4666972e-01   1.9537389e+00
   1.9084909e+00  -1.3450254e-01   1.8435599e-01  -1.6218942e-01   8.5195208e-01   2.3420893e-02   6.9999151e-02   2.8022216e-04  -3.9062408e-01  -4.5281753e-01  -5.8338922e-01  -2.6270238e-01   4.4446602e-01   2.0386717e-01   1.5887368e+00   6.1469600e-02  -1.0314375e-01   7.6280989e-02  -7.2181028e-01   1.2151455e+00
  -3.6746180e-01  -1.7996055e-01  -9.0758517e-02   1.4197713e-01   1.7052593e+00   3.8927141e-01   1.7743084e-01  -5.7025522e-01   3.1813848e-01  -1.0637567e+00  -6.2904215e-01   1.0851382e-01  -1.7443311e-01  -1.0642883e-01   6.2982249e-01   2.8338300e-02   5.4117870e-01  -4.5356977e-01   3.9788303e-01   1.9109350e+00
   3.4877199e-01   4.1858277e-01  -2.7114639e-01  -3.9915636e-01   5.1710445e-01   1.0783969e-01  -5.2650511e-01  -1.5104897e-01   1.9355059e+00  -6.6684708e-02  -1.9428077e+00  -9.3606953e-03  -5.4134911e-01   3.3220389e-01   5.8002985e-01  -2.9442340e-01   3.0784029e-01   4.1869688e-01  -2.8175810e-01  -4.3592775e-01
   9.3472022e-01  -1.4528871e+00  -2.0331733e-01   1.6424128e-01   1.2676140e+00  -1.4484981e-01  -1.8318774e-01  -2.5063448e-03  -2.8680015e-01  -1.6707565e-01  -3.9367512e-01   3.4545687e-01   4.0429407e-01   3.0719894e-01   1.9251003e+00   2.1497120e-01  -4.5167133e-02   1.3250811e-01  -8.3015954e-01   4.2709914e-01
   6.6674732e-02   1.8048203e-01   7.6297134e-02   2.0442680e-01   3.1993604e-01   8.2601327e-01   2.1162584e-01   8.7331378e-01   1.0499163e+00   1.1615399e+00   8.7567925e-01   1.2845410e+00  -2.2107749e-01  -1.2704477e+00  -7.8929342e-02  -1.2851130e+00   1.3251911e-01   2.1529327e-01   1.4629386e-01   2.2117840e-01
  -9.3420488e-01  -1.6086042e-01   2.1164890e-01  -3.9425445e-01   1.5523787e+00   6.0772496e-01  -4.8270234e-01   5.8073509e-01   2.2210038e-01  -6.4264905e-01  -6.0983217e-01   3.6865878e-01   1.0852949e-01   8.1326836e-01   1.5700893e+00  -4.4054908e-01  -3.3063985e-02   4.3078104e-01   7.7304256e-01   6.8179941e-01
  -6.1170298e-01  -1.8439068e+00  -3.2788512e-01  -1.9066323e-01   6.6217440e-01  -1.2981103e-01   7.4953675e-02  -3.5391551e-02   6.5996534e-01  -2.7906588e-01  -1.4274584e+00   4.5269704e-01  -4.6386176e-01   2.6873702e-02   1.2903668e+00  -7.2974098e-01   1.8270878e-01  -8.8297471e-02   5.4727793e-01   3.3108112e-01
   1.1677737e+00   1.0087137e-01   2.2347526e-01  -6.8215780e-02   1.7782590e+00   3.2331273e-01   3.9083341e-01  -1.0386185e-01  -5.0424850e-01   3.9213665e-02  -7.7305263e-01   2.5473148e-01   2.3919594e-01  -8.0092596e-03   1.3516002e+00  -8.3367802e-02   2.0482042e-01   6.6019617e-02  -1.5028594e+00   1.6434811e-01
   1.5768631e-01  -7.2700910e-02   1.7494234e-01  -1.0115856e-02   3.8857919e-01   1.5407350e+00  -1.4048438e-01   1.5473416e+00  -9.5708710e-01   9.7298342e-01  -1.2579634e+00   5.9041077e-01   4.5026621e-01  -6.1099553e-01   6.3576150e-01  -4.6185550e-01   2.6919903e-02   7.4156001e-02   4.1157121e-04   8.2042001e-02
  -6.0062343e-01   9.4471443e-01   1.3337432e-01   4.2927137e-01   1.2107617e+00  -3.3377936e-01   2.2737159e-01  -4.7387943e-01  -1.2143365e+00  -6.6834204e-02  -1.0734096e+00  -6.5809500e-01   2.1628739e-01  -3.0354330e-01   4.5825589e-01  -1.4610495e-01   6.0750210e-01   4.2703116e-01  -1.3402730e+00   9.5325929e-01
   1.4319283e+00   1.4626174e+00   5.2506721e-01   1.9708060e-01   3.8627145e-01  -3.6388916e-01   2.3961181e-02  -9.3270540e-02  -5.8435762e-01   2.3633692e-02  -6.8912089e-01  -6.1848640e-01   1.2024140e-01  -2.5748831e-01   1.0648203e+00   3.8808742e-01   2.2828908e-01  -2.3195811e-01   1.0842277e-01   1.5882591e+00
   2.6638594e-01  -5.3914499e-01   9.6306518e-02   5.5712712e-01   1.8879694e+00  -1.2220601e-01  -1.4001158e+00   1.2803878e+00  -7.7081048e-01   6.4465225e-01   1.6582811e-01  -1.0046543e+00  -1.4858283e-01   1.6291924e-01   7.0233075e-03  -2.0192742e-01  -5.5213827e-03  -2.4958756e-02   1.6136482e-02   5.1994428e-02
   6.4451541e-03  -1.0106068e+00   1.0691170e+00  -1.2495788e+00   3.8094270e-01  -1.4857514e-01   2.4169916e-01   1.4947499e-01  -1.1540774e+00  -5.5651629e-01  -1.1067637e+00   3.3818713e-01   2.4448502e-01   6.4630926e-01   5.9511840e-01  -1.1874913e-01   9.9585217e-01  -8.3703345e-01  -6.3288927e-01  -3.2660091e-01
  -2.3495045e-01   6.0208458e-01  -1.6455321e-01  -6.3032156e-01   2.7264005e-01  -4.3593898e-02  -1.8891405e-01   2.2060473e-01  -3.5045657e-01   1.9692899e+00  -8.5683995e-01  -1.8131456e+00   2.9407680e-01   1.3697617e-01  -3.2515141e-01   4.3510869e-02   3.9274987e-02   6.3115042e-01  -3.8882992e-01  -4.5911354e-01
  -1.2139030e+00  -1.0126674e+00   3.4201285e-01  -9.8718363e-01   6.4364630e-01   3.9775908e-01  -9.0630546e-02   4.0992817e-01  -8.0993593e-01  -4.8347408e-01  -9.8875695e-01   9.0342593e-01   3.2879192e-01   8.8090092e-01   1.3289523e+00  -3.6893380e-01   3.5037562e-01   1.7847791e-01  -8.6732775e-02  -1.6932885e-01
   2.0846343e+00   6.6847402e-01   1.1083025e-01  -5.2544650e-02   1.1806805e-01  -1.2412038e-01  -9.0825349e-02   1.3256550e-01  -1.5359814e-01  -3.2372734e-01  -7.6304533e-02   4.6813440e-01  -8.4493451e-02   2.0503759e-01   1.5916392e+00  -2.0792572e-01   2.2867162e-02   8.8325544e-04  -1.4518220e+00  -2.2321479e-01
  -8.5038215e-02   1.9227296e-02  -4.4985127e-02   6.4770719e-03   2.1822591e+00  -5.5456061e-02   1.9585156e-01  -1.4051422e-01  -2.8158411e-01  -1.6170657e-01  -8.8301414e-01  -2.2811458e-01   8.5857533e-02  -1.4168805e-01   1.8299856e+00  -6.1174076e-02   3.0441678e-01  -3.8899608e-02  -6.8205476e-01   5.3878945e-01
  -9.9533744e-02   7.2918600e-01   2.0161910e-01  -1.5076746e-01   1.8009387e+00   2.5499609e-01  -2.7333203e-01  -5.7987761e-01  -6.6185260e-01  -4.3674317e-01  -8.8597554e-01   5.7497120e-01   4.9460861e-01   1.3485876e-01   1.0558387e+00  -1.3128164e-01   3.6181841e-02   5.0700128e-01  -7.0337981e-01   1.3354148e+00
   7.1224093e-01   1.0138214e+00   5.4263091e-01  -1.6617677e-01   1.2675306e+00  -3.0204004e-01   2.2031701e-01  -5.3013998e-01  -6.2073320e-01  -7.5366169e-01  -6.0718215e-01  -4.6196321e-01   2.1639596e-01   1.9665088e-01  -7.6729380e-02   4.1656479e-01   7.3155951e-01   4.3934533e-01  -6.7238706e-01   1.7705227e+00
   1.8204840e-01  -4.8376495e-01  -5.2601641e-01   3.7239641e-02   8.5254526e-01   6.2121790e-02  -3.1701088e-01  -8.1412017e-01  -7.0495272e-01  -1.7289133e+00  -1.2839042e+00   1.3496677e+00  -1.6469717e-01   3.1548697e-01   3.4742856e-01   3.9591175e-02   1.6784041e-01  -6.0100693e-01  -5.9981894e-01   8.1012614e-02
   7.4040526e-01  -1.3594147e+00   1.1406107e+00   7.4406201e-01   3.0679059e-01   2.4255598e-02  -6.2264509e-02   2.6155761e-01  -6.1863643e-01  -3.7477762e-01  -7.9570286e-02   7.2000331e-01   2.3157531e-01   1.3804750e+00   1.5762707e+00  -1.7691161e-01   1.4043254e-01  -8.2788981e-02  -1.7925149e-01  -1.7182020e-02
  -8.6517406e-01   9.6311212e-01   8.4009922e-01  -9.9114782e-01   4.4126853e-01  -2.6203820e-01  -2.0953536e-01   1.3825552e-01  -5.5131799e-01  -1.2669774e+00  -1.1385369e+00   7.2508115e-01   3.1181714e-01   4.5994318e-01   7.0300752e-01  -1.0975401e-02   8.1542379e-01   4.2146212e-01   9.6183455e-01  -8.5818127e-02
  -8.9580584e-03  -1.4172497e+00   1.7346659e-01  -2.1244635e-01   1.3531030e+00   1.9453868e-01   1.8239231e-01   1.5451464e-01  -6.8313962e-01  -5.0131840e-01  -1.1369625e+00   5.1872927e-01   2.0128776e-01   4.8799190e-01   1.5296472e+00  -4.5003015e-01   3.0749336e-01  -1.7715880e-01  -8.4536070e-01   2.2110635e-01
   1.6851777e+00   3.2750717e-01   1.2154736e-01  -1.3253361e-01   1.3265616e+00   2.3485065e-01  -5.8928244e-03  -1.1214810e-01   1.3137093e-01  -2.8356183e-01   5.4100655e-02   6.8117416e-01  -1.9971059e-01  -2.8811613e-01   2.0767787e+00   6.3603193e-02   2.0028155e-02   1.3050888e-01   2.9819438e-01   2.8661746e-01
   7.2403467e-01   1.9132618e+00  -1.2145125e-01  -8.4886827e-02   7.6532501e-01   2.6591632e-01  -3.0275974e-02   2.0343909e-02  -1.0609048e-02  -1.9013935e-01   8.0406204e-02  -4.4033481e-03   3.0004513e-01   6.6050678e-03   2.0715108e+00  -3.7468603e-01  -9.1993645e-02   1.5482366e-01  -2.2446449e-01   6.9878376e-01
  -2.2658102e-01   2.8631508e-01  -1.0323520e-01  -1.2326811e-01   1.9310350e+00   6.7519981e-01  -4.1014379e-01   7.2304964e-01   2.3801719e-01  -1.7130040e-01   3.9628911e-01   4.1049808e-01   2.1405086e-01   3.7650800e-01   1.4690750e+00  -3.5679555e-01  -3.5383412e-01   5.3209263e-01   1.0405060e+00   7.6774877e-01
   5.4453760e-01   5.2813220e-01   7.2699589e-01  -1.6892965e-01   3.3270469e-01   6.5300053e-01   7.1657008e-01   5.7517610e-02   1.2001400e+00  -1.1702503e+00  -4.5808581e-01  -1.5969722e+00   2.7829763e-01   6.9883013e-01   7.6686883e-01   1.4255700e-01   3.7756619e-01   6.0766888e-01   7.4650794e-01  -1.7641582e-02
   1.1295887e+00   3.7004209e-01  -3.5874322e-01   1.4053917e-04   1.5137826e+00  -1.2745045e-01  -3.9234105e-01   1.4655079e-01   8.6398154e-01   5.2517314e-02   7.4670799e-02   9.3314213e-01   1.3967533e-01  -5.3865677e-01   1.2257535e+00  -6.4409250e-01   4.6894372e-01   2.2925332e-02   1.3713132e+00  -1.4743523e-01
   4.6777627e-01  -3.1343544e-01   1.0796946e-01   1.0704190e-02   2.0884769e+00  -1.9341635e-03   2.0569773e-01   2.1534774e-01   4.3888733e-01   4.5852214e-02   8.7670378e-02   8.6527532e-01  -4.9671937e-02  -1.6900212e-01   1.8309892e+00   1.2068292e-02  -3.9174918e-02   3.0645624e-01   8.0707580e-01  -3.7298191e-01
   2.9116452e-01   6.4212047e-02  -3.4754701e-02   2.0500988e-01   1.6468524e+00   2.3728961e-01  -2.5471982e-01   8.6123240e-01   9.6691126e-01   1.5854247e-01   1.6040213e-01   5.0482947e-01   2.6517561e-01   1.6680826e-01   7.5382167e-01  -3.7572887e-02  -4.2453320e-03   1.0413730e+00   1.7099171e+00   6.1327243e-01
  -5.2305484e-01   1.3339348e-01   9.6491888e-02  -9.5846951e-02   1.8873354e+00  -1.7711967e-01  -4.5484513e-01   2.8146404e-01   7.1998179e-01   3.9247617e-01  -5.1549643e-01   1.1698067e+00   2.5624761e-01  -4.0749112e-01   1.2998091e+00  -1.2474144e-02   4.3602937e-01   1.4480770e-01   1.0362605e+00  -5.4563475e-01
   1.9049153e-02   7.1815336e-01   8.4583983e-02  -3.5062988e-04   1.8819768e+00   3.1354475e-01   1.3128676e-01  -2.5976518e-01   4.9171093e-01   5.6774580e-01   8.0638301e-01   6.3469702e-01   4.7688296e-01  -7.5901248e-02   1.3700931e+00  -1.9538839e-01  -2.1199252e-01   3.8880769e-02   7.2941917e-01  -1.1864458e+00
   2.6610178e-01   1.7256714e+00   4.7564405e-01   3.5869181e-02   8.1051129e-01   3.5433409e-01   1.8790804e-01  -3.0298653e-01   7.2534955e-01   1.9227934e-01   6.4114606e-01   3.2813010e-01   4.4323480e-01  -5.8849633e-01   1.6970673e+00   3.4744158e-01  -4.6066929e-02  -2.4648720e-01   1.0174326e+00  -3.0117553e-01
  -1.2620149e+00   1.5069526e+00  -4.5280564e-01   6.6405302e-01   1.6016902e-01   3.4759626e-01   2.1672386e-01   2.1830270e-01   3.7137160e-01   3.4453315e-01  -7.7995920e-01   5.1646644e-01  -5.9553748e-01  -5.0006104e-01   1.5208454e+00   3.9537973e-03  -3.3270863e-01  -1.3376744e-01   9.9895930e-01   2.7091479e-01
   6.1909670e-01   9.2687142e-01   8.2983658e-02  -3.0729261e-01   1.7556114e+00   1.1078793e-02  -3.2192948e-01  -4.4437611e-01   3.2869843e-01  -7.3728703e-02   6.5176100e-02   2.7004486e-02   3.1668672e-01  -6.2532943e-01   1.9160624e+00   1.9510594e-01   1.9423194e-01  -1.8111312e-01   8.9717215e-01   2.7985793e-01
   1.4677635e+00  -6.7947066e-01   2.9226411e-02   2.7721390e-01   1.1572378e+00  -5.6794536e-01   9.3247861e-02   3.1700480e-01   5.9339190e-01   4.1627178e-01  -1.0146774e-02   7.7727830e-01   3.6033589e-01  -2.1984203e-01   1.3364764e+00   2.5172392e-01  -2.1433294e-02  -1.3491216e-01   2.1839829e-01  -1.5203996e+00
   6.0908616e-01  -3.5128829e-01  -9.5568639e-01  -1.1701274e+00   2.1178445e-01   1.2318522e-01   1.0149723e-01  -3.8961393e-01  -2.7525240e-01   1.3692676e+00   5.3177679e-01   1.2849995e+00   7.4962193e-01   7.8107528e-02   3.3461285e-01   1.9345661e-01  -1.1123922e+00   8.3034688e-01  -6.8044364e-01   9.4654046e-02
   1.0281900e-01   1.2512921e+00  -1.0218923e-01   1.2926844e-01   1.4252129e+00   2.3352012e-01   1.0737092e-01   1.7947157e-01   8.7119269e-01   4.7012201e-01  -5.9662575e-01   4.7762346e-01  -2.2324671e-01  -4.1644782e-01   1.0767785e+00   1.5501767e-01  -3.6002144e-01   7.1116887e-02   1.5165262e+00  -9.2827117e-01
   1.4951743e-02  -4.5010743e-01   3.4933236e-01  -3.4242657e-01   5.1138544e-01   4.7390178e-01   6.8847217e-02   7.1387428e-01   1.1741415e+00   1.5739719e+00  -1.1256299e-01   1.9488240e+00   2.1220021e-01  -5.3830880e-01   4.9661934e-01  -2.6078942e-01   5.0853752e-02  -3.4306726e-01   2.6693001e-01  -2.2332704e-01
   7.9490878e-02   1.2508280e+00   7.8025177e-02   2.1872266e-01   1.4601755e+00   1.3410805e-01   1.5772593e-01  -9.1493530e-03  -8.8550067e-01   5.4812187e-01   2.8315282e-01   1.4189364e-01  -1.5525362e-01   2.0521970e-01   6.3517535e-01  -2.7457562e-01   2.8073817e-01   2.2233129e-01  -1.5804864e+00  -1.3579489e+00
   1.1858674e+00   6.6886216e-01   9.2645323e-01  -1.0875578e+00   1.7947392e-01  -3.7691623e-01  -3.7261814e-01  -1.8854897e-01   3.6856779e-01   4.8051989e-01   3.5366359e-01   4.6581393e-01   1.2022667e+00  -3.7837180e-01   8.7344402e-01   8.6109769e-01  -6.2732464e-01   7.8941578e-01  -8.0023825e-01  -5.4559362e-01
  -1.0443809e+00   1.0554730e+00   3.3232665e-01   3.2511532e-01   1.3270255e+00  -1.4521338e-01  -2.3542758e-02  -4.5241511e-01  -2.8667223e-01   4.1031381e-01  -5.0640619e-01   2.5643611e-01   4.9633881e-01  -6.5965974e-01   1.8945826e+00   4.2700377e-01  -1.4298423e-01   2.4632460e-01  -5.9179759e-01  -3.6663172e-01
  -7.0172095e-01  -1.6500613e-01   2.4176396e-02  -1.1117918e-01   2.0936787e+00   2.0356642e-01  -2.7040605e-02   2.6523012e-01  -9.2403732e-02  -9.1790937e-02  -1.0100993e-01   3.1527290e-01  -1.0720704e-02   1.6329932e-01   2.1760788e+00  -1.8079042e-01  -1.7238822e-02   1.0671219e-01  -4.2706419e-02   1.9117609e-01
   2.0210275e-01   2.5637650e-01   4.1577745e-02  -6.5414339e-02   2.0606418e+00  -1.4240797e-01  -7.4736372e-02  -3.1946486e-01  -6.8667907e-01   1.6235611e-01   2.3085007e-01   1.0675246e+00   7.4134544e-02   2.3372731e-01   1.2480460e+00  -2.6609629e-02   2.7746474e-02   2.6099446e-01  -1.4534681e+00   1.5017283e-01
  -4.5737609e-01  -4.1841930e-01  -1.3686360e-01  -8.4311135e-02   1.6434649e+00   1.8475454e-02   4.1527867e-01  -3.5336393e-01  -1.0518174e+00   6.4666152e-01  -8.7160027e-01   3.0649844e-01   3.7404513e-01  -5.9736419e-02   4.2818737e-01   5.0446707e-01  -2.0745903e-01   4.5100525e-01  -7.1265686e-01  -1.6963190e+00
  -1.3100512e+00  -6.0463589e-01  -3.9653707e-01  -9.2968547e-01   6.3203961e-01   6.8247724e-01   1.1164750e-02   7.0601898e-01  -5.6933224e-01   1.6246256e-01   5.6287020e-01   4.5490691e-01  -4.7110832e-01   1.1897770e+00   1.5294867e+00  -6.9979912e-01  -1.2130482e-01   2.2399004e-01  -8.9901894e-02  -3.4490961e-01
  -7.5010628e-01   4.4949463e-01   1.4015804e-02  -3.4534208e-02   1.8186944e+00   6.6117711e-02   2.4394805e-02  -1.3984157e-02  -5.3495914e-01   6.2202430e-01  -5.5770689e-01   1.1599993e+00   4.1523615e-01   1.4599048e-01   1.5562918e+00  -4.3972407e-02   1.4928913e-01   1.8481809e-01  -7.0473576e-01  -6.4850134e-01
  -7.7820241e-02   3.2412714e-01   3.0994153e-01   1.3796468e-02   2.6255739e-01   4.9054825e-01   4.0589201e-01  -3.2227024e-01  -7.5383139e-01   1.3576070e+00   1.4300158e+00   5.6718642e-01   1.1794574e+00   8.6341816e-01   7.3452801e-01  -1.3007871e+00  -8.7078616e-02   1.5414357e-01   1.8166840e-01   6.2552094e-02
  -5.1598221e-01   1.1390871e+00   2.2597574e-02  -1.7971838e-01   1.5657592e+00   1.2623763e-01  -2.3600273e-01  -4.7611810e-02  -8.1990741e-02   7.3827064e-01   5.4637021e-01   2.8517959e-01   3.9320296e-01   4.5933026e-01   1.7818404e+00   1.5787186e-02  -1.8526331e-01  -1.3047571e-01  -7.5206923e-01  -8.8801229e-01
  -3.1595716e-01   1.1026596e+00  -2.0651522e-01   3.9883316e-02   1.8188890e+00  -2.3200130e-01   2.6388839e-01   1.9243461e-01   2.5343323e-01  -2.2266793e-01  -5.2623212e-01   5.3687656e-01  -2.6893672e-01   2.1687894e-01   1.9637570e+00   2.5202760e-01   1.3015327e-01   2.6836160e-01   5.9994745e-01  -6.4333357e-02
   5.0940335e-01   1.4898217e+00   1.1740851e-01   4.7783434e-01   1.2705324e+00  -2.3045583e-01   3.5437921e-01  -7.9912767e-02   1.2966438e-01   1.7436889e-01  -9.9776953e-02   7.7085374e-03  -8.9001161e-01  -8.6874694e-02   2.1198318e+00   2.6791400e-01  -3.5899132e-02   7.3505811e-02   1.3773641e-01  -1.7739142e-01
   1.2093266e+00   2.5672537e-01   1.0589961e-03  -5.1383272e-02   1.1146798e+00   8.4956229e-01   7.4468218e-02  -3.9600890e-02   4.4860768e-01   1.0601951e+00   8.1476820e-01  -1.2911472e-01   6.3472092e-02   2.1446395e-01   8.0447352e-01  -2.5920370e-01   3.6327469e-01   9.9718040e-03   4.9711204e-01  -1.8298204e+00
   3.2292190e-01  -6.3154304e-01   1.5351138e-01  -9.1418579e-02   1.7623971e+00  -2.3759978e-01   1.4961328e-01   7.0449556e-03   4.8649746e-01   9.8087281e-01  -1.5736303e-01   4.2835352e-01   1.9032958e-01  -1.2296862e-01   4.0144730e-01   6.9672115e-02  -2.6751834e-01   1.1257835e-01   1.1625019e+00  -1.7944272e+00
  -3.2359667e-02   1.6875480e+00   1.5724547e-01   2.9666305e-01   8.8022083e-01  -1.4189756e-01   1.3226758e-01  -1.8605003e-01   2.4241093e-01   8.7338412e-01  -3.8911337e-01   4.7046188e-01   3.2048401e-01  -5.6122983e-01   1.5737950e+00   4.2646089e-01  -3.4199005e-01  -1.1888826e-03   5.5892080e-01  -1.2211962e+00
  -1.1444382e-01  -7.8932363e-01  -8.7713331e-01  -4.3357033e-01   7.7545959e-01   5.7452106e-01   1.1016432e+00  -3.0132660e-01   3.5795441e-01   1.0254700e+00  -2.9575697e-01   1.0905732e+00   3.7242478e-01  -7.3143762e-01   6.6181773e-01   1.8758703e-02  -1.2277352e+00  -2.6777458e-01   5.7809979e-01  -8.2997775e-01
   1.8424917e+00  -1.9533896e-01   1.0550538e-01  -7.5703704e-01   6.7625022e-01   2.8391110e-02   9.7665563e-02  -1.8301144e-01  -1.0071155e-01  -6.8315029e-01   8.0649358e-01   9.0936768e-01  -5.1082867e-01  -5.5477828e-01   1.5498589e+00   2.3411315e-02   1.9655892e-01   1.5732080e-01  -2.1476652e-01   6.6829175e-01
  -2.3045900e-01   1.0652931e-01  -1.3304271e-01   2.1008419e-01   8.9684218e-01   4.6952379e-01   1.0104995e+00  -9.2714943e-02   1.5652779e+00   5.6118339e-01   1.5871584e+00  -3.8526851e-01   1.0121287e+00  -2.5131610e-01   7.7169669e-01  -7.5692779e-01  -8.1725955e-02   2.2692740e-01   6.5087982e-02   2.6127225e-01
  -6.4043015e-01   8.5580176e-01   1.2909757e-01   5.0168328e-02   1.6296825e+00   8.0727287e-02  -2.3687653e-02  -2.7203161e-01   9.1870469e-01  -3.7034523e-01  -3.4240845e-01   3.0447042e-01  -2.4058717e-01  -1.7683016e-01   9.7191316e-01  -3.4488472e-01   2.4956165e-02  -3.5230908e-01   1.8958435e+00   1.9627923e-01
   1.2815189e-01   9.9912846e-01  -1.3353692e+00  -7.3178738e-01   2.3459972e-01   1.4831325e-01  -4.0693426e-01  -9.9237561e-02   8.4040827e-01   7.0723325e-01  -1.1922049e-01   1.1084776e+00   3.4850994e-01  -3.5955840e-01   4.5534608e-01  -2.4065867e-01   1.1303098e+00   1.0832722e+00   8.5478479e-01   5.1670331e-01
   8.9694554e-01  -2.4521460e-01  -2.3965563e-03  -3.8811188e-02   1.7846662e+00   5.5985641e-01   9.9411152e-02  -7.4668050e-02  -4.6531945e-01  -3.0714738e-01   3.3186048e-01   7.1081764e-01  -4.2597085e-01   3.1868619e-01   1.8562025e+00  -4.8390201e-01   3.9771236e-02   2.0354591e-01  -8.0139208e-01   2.1391483e-01
  -3.3657256e-01  -1.8129187e+00  -3.0897886e-01  -1.7618379e-01   7.3490071e-01  -4.5021737e-01  -1.0835521e-01  -2.3529680e-01   6.9991213e-01   3.0641997e-01  -9.2658922e-02   1.3598088e+00   7.3701918e-02  -4.8145151e-01   1.4281667e+00  -5.9995707e-02  -1.1824697e-01   1.4929792e-01   3.4585065e-01  -8.8648057e-01
  -9.4296849e-01   4.3306151e-01  -2.7894899e-01  -1.3190452e+00   4.9955890e-01   2.5545260e-01  -4.9205831e-01   2.5430906e-01   7.1006203e-01   2.9218587e-01  -8.5066569e-01  -4.0225301e-02  -2.4594973e-01   1.6032472e-02   2.1166533e-01   1.9563749e-01   8.1613117e-01   1.5139596e+00   9.8862785e-01  -1.0439359e+00
  -5.0626916e-01   3.1150845e-03   1.8789129e-01  -5.3406709e-01   6.9920313e-01   3.5485160e-01  -5.8534747e-01   5.1123965e-01   1.4360367e+00  -1.1198829e+00   4.4144815e-01   1.7581331e+00   1.7090467e-01  -6.7710871e-01   5.0653034e-01   4.5301321e-01  -5.1939023e-01   2.3470716e-01   6.5499455e-02  -5.6875175e-01
   1.8506609e-01   6.3904095e-01  -5.5421871e-01  -2.5311333e-01   6.3849753e-01   7.0963874e-02  -4.6296611e-01   4.3925661e-01   1.1552607e+00  -1.4172851e+00   3.3330962e-01   1.8137616e+00  -6.9484735e-01  -3.5398725e-01   7.2427404e-01  -3.3765396e-01   4.2695928e-02   4.3748808e-01  -3.8179165e-01  -1.9057119e-01
   8.3863780e-02   4.8380476e-01  -4.6965998e-01   4.8356302e-02   1.5992783e+00   8.5967839e-01  -1.1306169e+00   1.4442680e+00   8.2736254e-01  -7.6257128e-01   5.5360091e-01   9.6229583e-01  -3.6560401e-01  -1.7585821e-01   2.5572896e-01  -3.0971026e-01   5.0942417e-02   1.7008789e-01  -1.3734797e-01   1.4408152e-02
  -8.3958369e-01   8.5540378e-01   3.9986536e-01  -8.4380352e-01   1.1884403e+00  -2.7575251e-02  -8.4505957e-01   3.1634349e-01  -5.3213948e-01  -3.3610085e-01   1.1666365e-01   6.7514253e-01   3.1900856e-01   6.8737912e-01   9.7622299e-01   8.2309090e-02  -8.5512280e-01   6.6978019e-01  -3.6766711e-01   1.3226910e+00
  -5.2152239e-03   1.3994337e+00   1.6277757e-01  -1.4152807e-01   1.6565262e+00   2.6068521e-01  -7.3342130e-02  -2.0847161e-01   1.8191064e-02  -3.6049342e-01   1.1142940e-01   7.4572366e-01  -1.3932607e-01  -6.9870576e-02   1.8453838e+00  -1.3006061e-02  -5.9072729e-02   2.6730627e-01  -3.0487996e-01   9.1517842e-01
   1.0069852e+00  -8.5440689e-01  -1.5188656e+00  -5.6339258e-01  -1.4507162e-02  -1.0605296e-01   4.3791702e-01   5.5120301e-02   2.1279088e-01  -1.1829540e+00   4.2426783e-01   8.3590966e-01  -1.0264338e-01  -8.1177729e-01   7.7602845e-01   1.6396926e-01   1.0360365e-01   1.0581117e+00  -7.7443463e-01   2.7059856e-01
   4.0557894e-01  -1.1198449e+00  -1.6027464e-01   1.7570339e-01   1.6536050e+00  -2.6269794e-01  -2.8531539e-01  -1.8750763e-02   1.2567644e-01  -7.5353944e-01   3.2195485e-01   1.0705194e+00  -1.8820064e-01  -2.6839614e-01   1.3913118e+00   1.0841327e-01   1.5062425e-01   2.5352374e-01   6.2113535e-02   1.2886648e+00
  -1.4584147e+00  -2.6506028e-01   1.1077742e-01   2.6127669e-01   1.3493131e+00  -5.8486529e-02  -2.0059204e-01  -2.1874937e-01   4.4101927e-01  -7.4596763e-01  -6.2370747e-01   1.3553009e+00  -3.7932855e-01  -1.8616046e-01   1.1831551e+00   1.0316573e-01   2.1088129e-01   6.8708964e-02   5.9571242e-01   9.1659683e-01
  -5.4549003e-01  -1.2935187e+00  -9.8696947e-02   2.7356172e-01   1.5601882e+00  -8.1345432e-02  -3.4716707e-01  -2.4989827e-01   4.2056638e-01   6.1816566e-02  -3.5179737e-01   8.9978313e-01   5.3346450e-03  -5.9878522e-01   1.7888621e+00  -4.5225871e-01   2.1535684e-01   5.2895714e-02   6.2308621e-01   7.9217926e-02
   4.5621607e-01   2.2930580e-01   1.6643852e-01  -5.1457107e-01   8.0095828e-01  -4.7255257e-01  -6.1477554e-01  -7.0868528e-01  -1.8231915e+00   3.5776836e-01   7.4692762e-01   1.6900177e+00   2.5705546e-01   3.5019651e-01   2.7063066e-01  -3.2755914e-01   4.0095836e-01   2.7006981e-01   1.7808411e-01  -4.4835359e-01
  -1.7541152e-01   7.0986599e-01   6.9660190e-03   1.6828977e-01   2.0080931e+00   4.0241843e-03   4.6299359e-01  -2.2411752e-01  -3.6402372e-01  -9.9362068e-02   1.7047063e-01   1.2239365e-01  -5.2626866e-01   4.7958758e-02   1.9780988e+00  -2.1342583e-01   1.0114074e-01   3.1517755e-02  -8.0729407e-01   2.2989042e-01
  -1.3870665e+00   1.0804876e+00   4.2470890e-01  -7.5162548e-01   7.7014953e-01   7.5031243e-02  -3.6128911e-01   9.0642415e-02  -4.8480210e-01  -3.1822446e-01  -6.7980087e-01   5.8620882e-01   7.5145131e-01   5.1353759e-01   1.6241122e+00  -3.7956214e-01  -1.3106178e-01   3.5770983e-01  -9.7175658e-02   7.2035718e-01
  -7.2520562e-02   1.6227685e+00   3.1976590e-01  -1.5418044e-02   1.1970009e+00  -1.6949052e-01  -1.0734856e-01  -2.8303304e-01  -8.2694697e-01   2.0624124e-01  -4.2171615e-01   1.3066759e+00   2.5381103e-01   2.8158039e-01   1.1292702e+00  -4.5243111e-01   9.5140323e-02   1.4383639e-01  -9.2932224e-01   7.5963777e-01
   1.1509937e+00   3.8004601e-01   3.9278769e-01  -2.1791592e-01   1.0847313e+00   6.3258004e-01   3.1559724e-01  -8.9518987e-02  -1.1801873e+00   1.7293604e-02   4.4374815e-01   9.2098272e-01  -2.1511258e-01   4.1607171e-01   6.4693666e-01  -1.7589863e-01   5.7018381e-01   1.2782243e-01  -1.7610862e+00  -3.0757302e-01
  -1.8260704e-01  -6.5857488e-01  -1.2031638e-01  -2.2327442e-01   1.8472097e+00   6.4685076e-01   5.7816631e-01   1.1269955e-01  -5.1534826e-01   1.3853113e-01   6.2095463e-01   9.4912183e-01  -2.7018583e-01   3.4853658e-01   1.6267846e+00  -2.1153550e-01  -2.8060958e-02   4.7148091e-01  -4.3627685e-01  -6.4866424e-01
  -1.0165659e+00   2.5908110e-01   1.8677159e-01   1.1692245e-02   1.7335409e+00  -3.0698785e-01  -4.3428665e-01  -3.3849768e-02  -6.3903165e-01  -2.1002841e-01  -1.1439958e-01   3.7315395e-01   2.5638252e-01   3.4706232e-01   1.5150150e+00   2.2426191e-01  -3.9996886e-01   3.7857957e-02  -1.3924307e+00   5.8178246e-01
   5.9105322e-02  -5.1227814e-01  -2.8096756e-02  -4.7270456e-01  -2.6928658e-02   5.5596322e-01   8.4073931e-02   5.5844623e-01   1.8581862e+00  -7.4702442e-01   1.6669375e+00  -1.1051999e+00  -5.2902633e-01   8.9011744e-02  -5.4254317e-01   2.0618415e-01   1.0095883e-01  -3.3966318e-01   5.2429378e-02  -3.4215298e-01
   3.9459863e-01  -2.8236791e-01   3.7935324e-02  -4.8456129e-01   1.3139682e+00  -2.8691983e-01   5.9479439e-01  -1.1873208e+00  -1.3998504e+00  -6.3746184e-01  -1.3591725e+00   7.2020823e-01   3.5319024e-01   5.8945900e-01   7.0346224e-01   9.4336145e-02   3.3852333e-01  -5.4622475e-02   1.7218678e-01  -3.1748033e-01
   1.0101428e+00   1.0253687e+00  -3.2105917e-01  -1.1314745e-01   1.2383968e+00   2.9936379e-01  -2.0624889e-01   1.4545684e-01  -7.0030510e-01  -3.5487327e-01   1.7248696e-02   3.3140153e-01  -4.3618102e-02   5.2631372e-01   9.4177890e-01   1.8447196e-01  -5.6734461e-01  -2.9636854e-01  -1.6643007e+00   1.0096651e+00
  -3.7201056e-01   1.2365537e-02  -2.6092944e-01  -2.8627059e-01   1.7758795e+00  -1.5055272e-01   1.1935641e+00   1.3627768e+00  -1.2312325e+00  -3.6817265e-01  -4.5015952e-01  -1.1564245e+00   1.5143134e-01  -6.0514092e-02   1.3974237e-01   6.6011250e-02  -7.5327963e-02  -3.5904583e-02  -2.3975132e-02  -6.1542556e-02
  -1.3745022e+00   1.1069459e+00   6.8520778e-01  -2.8272694e-01   5.1288885e-01  -5.9591329e-01  -1.9567482e-01   2.4349540e-01  -2.7923343e-01  -4.2082262e-01   8.6829424e-02   1.3769785e-02   3.0612156e-01  -4.2409307e-01   1.1660686e+00  -7.2872020e-02   1.5981558e-01   8.4443915e-01  -6.8705183e-01   1.5837240e+00
   1.8833555e-01  -3.1422269e-01  -1.0636681e-01  -3.4408239e-01   4.2274925e-01  -2.4109896e-01   1.2227060e-01  -4.6153626e-01  -1.9647541e+00  -3.9204594e-01  -1.7216254e+00   1.0475986e+00  -6.8548101e-01   5.5421103e-02  -4.2556188e-01   5.0348139e-01   1.8315716e-01  -3.2937470e-01  -7.0252672e-02  -3.7594986e-01
  -9.2543405e-01  -1.3284094e+00   6.1475467e-02   1.0896169e-01   1.1087584e+00   1.5620922e-02  -8.2802705e-02  -2.7568221e-02  -9.4629699e-01  -3.2999262e-01  -4.0770155e-01   1.4385520e+00  -7.3526487e-02   3.3404514e-01   1.4110395e+00   4.0802768e-01  -9.4027236e-02   1.3821910e-01  -7.5873083e-01   8.8815972e-02
   7.3821157e-01   5.2075738e-01   1.1731877e+00  -9.1092265e-01   2.0481080e-01  -2.7493206e-01  -1.1841968e-01  -5.8163565e-01  -1.1430391e+00   5.9391606e-01  -1.1179863e+00   6.8237764e-01  -4.0915304e-01   5.8463357e-02  -7.5202174e-02  -1.8931684e-01  -2.4212526e-01   1.4756681e+00  -7.3687637e-01   3.7618047e-01
  -2.9123244e-01  -5.5810249e-01  -6.6664785e-02   2.1732034e-02   1.9884671e+00   4.2414375e-02   1.0829558e-02  -2.9933488e-01  -1.8069594e-01  -6.5083355e-01  -4.8945612e-01   1.0309403e+00  -2.2892281e-01   1.8332337e-01   1.5744728e+00  -2.0741588e-01   2.4264868e-01   2.1628256e-01  -2.0300396e-01   1.0196879e+00
   2.0085187e+00  -2.4184051e-01   4.2099733e-02  -6.6484582e-01   4.8634905e-01   3.5993863e-02   4.3706521e-02  -1.5212178e-01   1.4445280e-01  -2.7544224e-01   5.6186998e-01  -3.5154364e-01   3.5094574e-01  -6.4579546e-01   1.8217169e+00   8.2228208e-01   8.0319829e-02  -1.6165894e-01   2.2190656e-01   2.1870579e-01
   1.4663912e+00  -1.6301180e-01  -7.1204759e-02  -3.6454018e-02   1.5055264e+00   6.3190766e-02  -7.7091031e-02  -4.4210594e-02   6.0745513e-01   3.6297992e-02   3.1424534e-01  -8.1268364e-01  -6.3850433e-02   4.2127043e-01   1.6911323e+00   5.7228351e-01   9.1493251e-03  -2.3945414e-02   9.4747913e-01   3.7595832e-01
   1.3402690e-01  -3.1083941e-01  -2.1984316e-01   2.7428171e-01   1.2021741e+00   5.5629045e-01  -1.0119376e+00  -7.8939921e-01   8.8476247e-01   1.3593010e+00  -6.0151362e-01  -1.5346670e+00   1.0175069e-01   5.6115222e-01   2.6471656e-02  -5.6927896e-01   1.8727590e-01  -3.7404868e-01  -2.5780097e-01   3.4786204e-01
  -6.1268622e-01   5.1300619e-02   5.6144172e-01  -2.5495887e-01   3.7303805e-01   3.9578280e-01  -4.9125546e-01  -2.5912595e-01   9.9715716e-01   1.7130923e+00  -1.4213059e+00  -1.3733624e+00  -2.4585602e-01   1.6017404e-01   2.1645311e-01  -2.2968911e-01  -4.3071359e-01  -3.5434425e-01   5.0029123e-01   2.3487557e-01
   7.6879030e-01  -1.4611599e+00  -2.8952104e-01  -1.6018599e-01   1.2982330e+00   3.3770895e-01   9.7481117e-02  -1.3929835e-01  -2.6680347e-01   3.4943748e-01   1.6472654e-01  -1.1181542e+00  -1.8667865e-01  -3.8150734e-01   1.7423034e+00  -7.2286524e-02  -1.5836547e-01  -2.7522761e-01   3.2363778e-01  -6.6228378e-01
   8.7214988e-01  -1.9156653e+00  -5.3329927e-01  -5.3685182e-01   3.1894034e-01  -1.5299894e-01  -1.0204829e-01  -3.6745515e-02   4.7961119e-01   8.2230270e-02   5.3457218e-01  -5.4933053e-02   9.0952575e-02  -2.3080021e-01   1.4490088e+00   1.2243108e-01  -3.5444346e-01  -1.4314334e-01   6.8349361e-01  -1.2430016e+00
  -5.5921668e-01  -4.9788088e-01  -8.2477701e-01   6.1000818e-01   6.7534679e-01   4.5976165e-01   6.8085408e-01  -7.8749698e-01   7.4625963e-01   3.4310088e-01  -2.6788133e-01  -9.4961739e-01  -5.8990180e-01   7.8402467e-02   4.8778495e-01  -3.1447604e-01  -1.1774668e+00  -1.1647905e+00   1.2118763e+00  -2.9139692e-01
  -9.0407145e-01  -9.9152684e-01  -5.9957010e-01   1.0711247e+00   3.7873238e-01  -4.5480132e-02  -1.6639605e-01  -1.8907140e-01   5.2686846e-01  -8.9945757e-01  -1.7428549e-01  -9.9382693e-01   2.7635321e-01  -1.1200995e-01   3.7547463e-01  -9.5079780e-02   6.2298703e-01  -1.2208103e+00   1.4155005e+00  -5.0797790e-01
   1.7411444e+00  -6.8012249e-01  -1.2423193e-01   8.6001813e-02   1.0334150e+00  -4.4895005e-01  -8.7044828e-02  -2.4969568e-02  -1.2565288e-01   3.7177870e-01   6.0186756e-01  -1.0105813e+00   3.9384298e-02  -1.8501835e-01   1.6826503e+00   4.6987677e-01  -2.1525578e-01  -1.4847654e-02  -6.4466786e-01  -3.4315914e-01
  -1.4958209e-01   1.9161916e+00  -9.9336684e-02   7.1108705e-01   3.6101586e-01   3.0144131e-01   1.5713042e-01  -2.5741461e-01   9.0620106e-01  -1.4445753e-01   1.4886281e-01  -1.3549547e+00   1.1993846e-01   2.6535860e-01   9.0777814e-01  -3.3840218e-01   8.8121012e-02  -3.8730034e-01  -8.9456373e-01   8.9255375e-01
  -9.9529207e-01   8.6977601e-02  -2.2596763e-03   1.8942524e-01   1.7448827e+00   3.4291908e-01   2.8344925e-02  -1.1438125e-01   5.9195381e-01   5.3011560e-01  -1.0908046e-01  -1.1156651e+00  -3.5450527e-01   1.9763365e-01   1.3517619e+00  -9.0370774e-03  -1.2556978e-01  -1.6639140e-01   1.2003798e+00  -6.5220088e-01
   4.3227056e-01   1.1670612e+00   1.7619462e-01  -3.9578095e-02   1.6023183e+00   2.0632541e-01   1.6482238e-01  -2.3645306e-01  -6.4312696e-02   7.3637682e-01   4.9387488e-01  -7.1428180e-01  -4.9816263e-01  -4.7522362e-02   1.5822721e+00   2.4860224e-02  -2.0303991e-01   5.5495191e-02  -2.3292499e-02  -1.2749337e+00
   4.2352846e-01  -6.3237864e-01   7.8335226e-01  -9.3917288e-03   5.4663754e-01  -8.2482815e-02   3.4669611e-01   4.1863585e-01   1.0962892e+00  -1.3385581e+00   1.7249092e+00   1.6168654e-01   7.6965779e-01   9.0944849e-02   3.8903883e-01   6.8500465e-01  -1.6880272e-01  -7.0169687e-01   4.7359595e-01  -4.9445578e-01
   5.0894493e-01  -5.0368196e-01  -6.4548284e-02  -1.1098501e-03   2.0387192e+00  -3.8814541e-02  -9.2827581e-02  -1.5032534e-01   1.8946861e-01   4.9651465e-01  -1.4055739e-01  -3.2670578e-01  -2.0228465e-01  -5.2722534e-03   1.7771986e+00   3.7179519e-03  -1.5698848e-02  -7.6011285e-02   3.3248678e-02  -1.2955962e+00
  -1.4781708e+00  -3.8783947e-01   3.2094845e-01   2.9199290e-01   9.4713879e-01  -2.6792431e-01  -2.3425947e-01  -3.8675621e-01   1.0616463e+00   5.4791218e-01   4.3178397e-01  -8.4235334e-01   9.5135018e-02   3.4481034e-02   2.9043448e-01  -2.8537017e-01  -2.3015138e-02   5.0760877e-01   1.0224272e+00   1.5811807e+00
  -2.3286913e-01  -1.2849886e+00  -2.4312577e-01   6.3370168e-01   1.0540231e+00   3.3541895e-02  -4.7333506e-01  -2.9271170e-01   7.4587297e-01   5.4900324e-01  -6.5160024e-01  -1.6801406e-01  -3.4953076e-01  -5.0035530e-01   8.4434754e-01  -5.1167524e-01  -4.3287352e-01  -8.7455618e-01   1.0377619e+00  -1.3134267e+00
   1.0978886e+00  -2.8551075e-01   2.8170100e-01   1.0065418e-01   1.5240258e+00   4.4722542e-01   2.6466385e-01   3.2319415e-01  -5.2825284e-01   7.7408916e-01  -5.9065342e-01  -8.7809408e-01  -3.1318861e-01  -3.5633141e-01   1.0182383e+00  -3.5027811e-01   2.9500711e-01  -1.0245480e-02  -1.3200220e+00  -8.4506166e-01
   6.8325132e-01   7.8567165e-01   2.1972825e-01   3.1953919e-01   1.4550601e+00   5.0911415e-01   5.0631058e-01   2.2267206e-01  -1.0126877e+00   1.0063574e-01  -4.6584165e-01  -8.4066927e-01  -2.5411642e-01  -2.5020477e-01   6.7221439e-01  -4.4408402e-01   5.6896889e-01  -2.3005080e-01  -1.5225710e+00   8.0786288e-01
  -5.7343769e-01   2.8207639e-01   2.2068743e-02  -6.0815826e-02   2.0099719e+00   1.4509397e-02  -1.7880368e-01   1.6030249e-01  -3.8581300e-01   4.8810601e-01  -2.8703696e-01  -8.7738055e-01  -1.5779157e-01  -3.1913295e-01   1.6801739e+00  -1.3264038e-01  -2.2797599e-02  -1.9246258e-01  -8.5974646e-01  -7.1149021e-01
   4.2006859e-01  -2.3183842e-01   4.7195041e-01  -1.4031601e-01  -4.7359702e-01  -6.4285833e-01  -3.5226545e-01  -7.3871523e-01   1.6815448e+00   7.2524929e-01   1.5011431e+00   9.9737489e-01  -4.9116701e-01   6.7351758e-01  -6.5053165e-01   5.8070433e-01   2.2295421e-01  -1.8458834e-01   2.6612750e-01  -9.1451690e-02
   1.8659011e-01  -2.2953050e-01   2.4286167e-01  -1.7559758e-01  -4.8435122e-01   8.6035120e-01  -7.8774869e-01   6.1538303e-01  -1.5020185e+00  -6.1494100e-01  -1.1490221e+00  -1.1528310e+00  -3.1962103e-01  -1.0390472e+00   9.3077630e-02  -1.0644646e+00   3.4097666e-01  -7.3794134e-02   3.3838052e-01   7.3606558e-02
  -1.5646626e-01  -4.1738114e-01   1.0423535e-01   1.0843354e-01   2.0960987e+00  -9.8704219e-02  -4.6862748e-01   3.9675876e-01  -2.8842616e-01   3.8865548e-01  -3.5020873e-01  -4.4008729e-01   1.2251790e-01  -1.2212400e-01   1.1357113e+00   3.7310556e-01  -5.9701070e-02  -3.6084142e-01  -1.1446867e+00  -1.2428472e+00
  -6.3281786e-01  -3.9437160e-01   7.2176445e-01   7.9600751e-02   7.2701192e-01   3.0935811e-02  -6.4843345e-01   2.5516373e-01  -1.1945736e+00   1.3999513e+00   4.0769726e-01  -1.8057277e+00  -3.3078864e-01  -3.2285403e-02   3.2731107e-01  -1.4879385e-01  -6.1787480e-01  -1.8816581e-01   6.4497048e-01  -1.2254047e-01
  -3.0489233e-01  -1.6706512e+00   2.3634313e-01   5.1040679e-01   1.0126858e+00   2.9751217e-01  -4.0356940e-01  -3.4006726e-02  -5.6877911e-01   3.0121762e-01  -7.6069534e-01  -5.1515841e-01   4.7772828e-01  -3.1183717e-01   1.4265760e+00  -2.0628178e-01  -5.3321399e-02  -5.0928134e-01  -4.8040515e-01  -1.1692288e+00
   4.2701462e-01  -4.6040732e-02   3.8959274e-01  -1.0509009e-01   6.4673388e-01  -1.2634702e+00   4.2247516e-01  -1.3579686e+00   1.3813460e+00   8.7710983e-01   1.5075580e+00   6.2495059e-01   1.8906090e-01  -8.4110677e-02   1.7906985e-01  -5.9243511e-02   2.2956435e-01  -1.6721374e-01   2.6694405e-01  -2.1090329e-01
   3.8602704e-01  -3.9283898e-01  -1.5911460e-01   4.8190951e-01   9.7246498e-02  -1.9840081e-01  -8.5486490e-03   2.1022804e-01  -1.1004111e+00   1.7028958e+00   2.3337258e-01  -2.0336506e+00  -5.8227181e-01  -9.3338341e-02   5.3509998e-01  -2.0912150e-01   4.0051532e-01   1.7005306e-01  -4.0769902e-01   1.0814793e-01
  -9.1155350e-01   7.5804085e-01   9.3948044e-02  -1.1714274e-01   1.2449173e+00   4.6830812e-01  -1.9740012e-01  -6.8334207e-02  -3.9886037e-01   1.2270521e+00  -5.8928812e-01  -1.1362457e+00  -2.6543492e-01  -2.2173811e-01   9.8035371e-01  -2.6840970e-01  -1.9654557e-01  -4.8094060e-02  -3.9590013e-01  -1.4510777e+00
  -1.7883624e-01   1.8706653e+00   8.5822332e-01   1.3412617e-01   1.9828719e-01   6.3490503e-02  -7.5225949e-02  -6.3740641e-02  -5.7596695e-01   9.1899389e-01  -4.8611614e-01  -1.5176576e+00  -8.9748077e-02  -4.3944326e-01   1.2653927e+00  -1.4420600e-01  -9.5036611e-02  -1.9696754e-01   2.6399532e-01  -6.6632025e-02
   8.3844167e-01  -1.8505366e+00   3.1245914e-01  -7.7378978e-03   7.2242111e-01  -8.3287701e-02   3.7122626e-02   1.3889293e-01  -2.9208645e-01   2.2129498e-01   9.8247252e-02  -4.5188165e-01  -4.0897721e-01  -8.3003595e-02   1.5708358e+00  -1.9122209e-01   1.3256878e-01   1.3299815e-01  -9.1684163e-01  -1.1502610e+00
   1.3492964e-01  -9.4787431e-01  -1.7436495e-01   2.1742634e-01   1.3937827e+00   7.0721942e-01  -1.9176427e-01  -3.4424448e-01  -6.7873961e-01   8.0627781e-01  -7.5710520e-02  -3.9578125e-01  -2.6177248e-01  -2.1625505e-01   4.4752455e-01  -3.5827228e-01  -5.7893401e-01   2.8162399e-01  -1.7517245e+00  -1.0988604e+00
  -1.7210375e+00  -2.4465533e-01  -3.9589036e-02  -3.1814346e-01   1.2663630e+00   4.3685090e-02   5.4584879e-02   1.9418490e-01   3.7737942e-01  -8.4939133e-03  -2.2348458e-01  -2.2095175e-01  -1.4598681e-01   4.4466347e-01   2.0076685e+00  -3.3340064e-01  -7.2783545e-02   7.5938694e-02   7.8022319e-01  -8.4427573e-02
  -2.7994348e-02  -3.5707843e-01   4.2495385e-01   2.0271733e+00   5.0166916e-02   7.8146279e-02  -7.9740629e-02  -4.7607195e-01  -1.2578163e-01  -5.1446352e-02   1.3693198e-02  -4.6061260e-01   1.0813572e+00  -2.5848162e-01   3.0942139e-01  -8.0413975e-02  -2.1151151e-01  -1.8877860e+00  -1.3752931e-01  -3.7882110e-01
   8.8367343e-01  -1.3936968e+00   2.5688631e-02  -1.9677045e-02   1.3123097e+00  -6.9939278e-02   1.5149944e-01  -2.3070211e-02   1.3475956e-01  -5.8147138e-01   1.0370078e+00  -4.3714097e-01   1.4872466e-01  -3.8470632e-01   1.7264440e+00   2.3185091e-01  -8.4785581e-02  -1.2691195e-01  -2.2824919e-02   8.2103926e-01
   1.0935397e+00   7.3945755e-01  -6.4086638e-02  -8.1838302e-02   1.5555491e+00   2.2233845e-01   1.1060918e-02  -1.1039063e-01  -1.2407965e-02  -6.7203474e-01   1.0732193e-01  -8.6454189e-01   5.2919167e-01  -2.2711052e-01   1.8448832e+00  -9.8651864e-02   6.4288877e-02  -2.5797350e-02  -7.4210636e-02   8.9392608e-01
  -3.7389910e-01   4.1700266e-02  -6.6022970e-02  -3.9294043e-01   9.3611710e-02  -5.4670268e-01   5.3923422e-01   7.1467906e-02  -3.3468404e-01  -1.9744015e+00   1.9783123e+00  -2.9422906e-01   3.1865743e-01  -5.4078358e-01   5.3737980e-01   3.1790215e-01   3.0185699e-01  -2.3544025e-01   2.3666187e-01   3.1499198e-01
   6.4110017e-01   2.3378380e-02   1.7679244e-01   2.3594604e-01   1.4748925e+00  -5.1448778e-03   4.0464148e-01  -1.9282444e-01   1.1537586e+00  -7.7010876e-01   3.3262771e-02  -6.2970632e-01   6.0670499e-02   1.3492949e-01   2.1765779e-01  -1.8773228e-02   1.5014961e-01  -6.6667140e-01  -7.9881984e-01   1.9049096e+00
   8.8538527e-01  -6.4347857e-01  -3.5759047e-01   3.5998058e-01   1.6680036e+00   7.5684346e-02  -7.0822197e-01   5.5559624e-02   2.4815580e-02  -3.4776974e-01   1.8326049e-01  -3.7928885e-01   9.2803627e-01   7.3487625e-02   1.9602872e+00   2.9430902e-01  -1.4295679e-01  -7.3600113e-02  -2.7086332e-01   2.4025609e-01
   3.5544464e-01  -8.6881077e-01  -2.8994563e-01   5.1934905e-02   1.7087345e+00  -5.9474882e-02  -3.4568775e-01  -4.0710995e-01   8.1947029e-01  -1.8868630e-01   2.2239642e-01  -6.8800241e-01   4.8374280e-01   8.4233083e-02   1.2347500e+00  -1.3363694e-01   3.8173464e-01  -3.1868124e-01   1.5767616e+00  -2.7666742e-01
  -3.4883884e-01  -6.3833851e-01  -1.2233992e-01   6.7387916e-02   2.0094099e+00   4.3708837e-01   1.5674356e-01  -2.8115943e-01   3.0571365e-01  -2.9160029e-01   1.5842186e-01  -5.7930279e-01   9.6083708e-02   2.4037557e-02   1.7729908e+00  -2.5412229e-01  -6.3296407e-02  -2.2305264e-01   9.9514806e-01   5.6372845e-01
   3.4643987e-01  -1.7919065e+00   3.0644003e-01  -1.4747676e-01   8.2813972e-01  -4.9476135e-01   1.8131779e-01   1.3783154e-01   5.1029301e-01  -3.7287262e-01  -1.2223513e-01   8.4639303e-02  -1.0195515e-01   4.2881101e-01   1.6902552e+00  -8.9819126e-02  -2.4206878e-01   2.9350007e-01   1.3158990e+00   4.6232665e-01
   1.4163600e-01  -1.2193735e+00   1.1192420e+00   3.9915395e-01   6.5164346e-01   4.3709088e-02  -2.9100832e-01   5.9453672e-01   3.1639656e-01  -1.0726439e+00   3.8578907e-01  -1.0665039e+00   6.9746423e-01   8.3526808e-01   1.1417156e+00   1.5382451e-01  -7.1900147e-01  -3.3875400e-01  -4.6019340e-01   5.6973261e-01
   4.1638705e-01  -4.4889221e-01   1.2282629e-01  -9.4102658e-02   1.9325413e+00  -4.5719206e-01   4.9292266e-01  -2.1269940e-02   8.5382991e-02  -7.6604939e-01   4.1317293e-01  -6.4049774e-01   7.1177937e-02  -1.3949503e-01   1.3103187e+00   2.5514480e-01   7.5845540e-02  -2.3870142e-01   2.0131387e-01   1.5261463e+00
   2.0136082e-01   3.3056355e-01  -1.4587523e-01   3.9235908e-01   5.6207013e-01  -6.4795530e-01   8.5550135e-01  -1.5376832e-02  -1.0122833e+00  -1.5417483e+00   4.2567798e-01  -1.8131884e+00   6.8561602e-01   2.2926193e-01   3.0405954e-01   6.0334408e-01   4.1604236e-02   4.3398842e-01  -2.2077718e-01   3.4435800e-01
  -6.6960794e-01  -1.0341746e+00   1.1663705e-01  -4.6286896e-02   1.3582468e+00  -5.0711983e-01  -1.8584419e-02   1.3863860e-01  -2.8641051e-01  -1.0766984e+00   9.5682728e-01  -8.0376256e-01   2.1734644e-01  -2.9620567e-01   9.0711069e-01   1.8100978e-01  -4.7893103e-02   3.9000560e-02  -3.6786520e-03   1.5960910e+00
   1.5765239e-01  -9.9568766e-01   1.2394653e-01   3.3048835e-02   1.8300161e+00   5.1287389e-01  -1.1569806e-01   1.9873567e-01  -7.4434653e-02  -5.8002895e-01   2.3999526e-01  -1.0260317e-01   1.0010987e-01  -5.1488165e-02   1.7972333e+00   6.4222075e-02  -1.2481040e-01  -3.9093319e-02  -7.7596974e-01   1.0130333e+00
  -2.2626830e-02  -1.0362023e+00  -2.5150633e-01   1.6001989e-01   1.8094525e+00  -8.9152336e-02  -3.6601660e-01  -4.4552982e-01   2.9334328e-01  -6.6686422e-02   4.6797526e-01  -2.8532485e-02   5.1014358e-01  -5.1544464e-01   2.0174394e+00  -8.4603980e-02  -9.1482371e-02  -1.3751568e-01   5.1920182e-01  -1.0985351e-01
  -9.0504634e-01  -1.3864740e+00   2.9850125e-01  -1.8255492e-01   1.1973463e+00  -3.1912778e-02   6.3657120e-02   2.7419841e-01   2.2033335e-01  -5.8649993e-01  -5.9154123e-02   1.3567917e-01   1.9236267e-01   3.3733729e-01   1.3056378e+00  -8.7498568e-02  -3.3544719e-01   4.0996429e-01   1.1707935e+00   1.3012772e+00
  -5.0522596e-02  -1.3479488e+00   6.3005604e-02   3.6525893e-01   1.4543556e+00  -4.4500619e-01  -4.0258953e-01   1.7284326e-01   7.7057123e-02  -6.0944015e-01  -5.3676629e-01  -4.0982589e-01   5.3779888e-01   4.2600989e-01   1.7538916e+00  -2.1840954e-01   4.7611978e-02   1.3025823e-01   4.9219826e-01   9.2113531e-01
   1.0814052e+00  -7.7702409e-01   5.5076206e-01   2.9637790e-01   1.0661590e+00   3.4757698e-01  -1.6109227e-01   4.0763539e-01  -1.0106128e+00   3.8190845e-01   8.0602035e-02  -6.2139529e-01  -1.1910561e-01  -1.0368405e-01   2.4931757e-01   1.4822517e-01   2.1477365e-01  -8.5500586e-01  -1.7923789e+00   8.5283232e-01
   3.4553155e-01   8.6767599e-02   2.1032038e-01   2.5787702e-01   8.6598778e-01   5.5742234e-01   2.4002285e-01   9.6417516e-01  -1.2691447e+00  -9.7671628e-01  -2.4199241e-01  -1.6389887e+00   1.7364939e-01  -1.0593449e+00   8.4112847e-01  -5.9808785e-01   2.9111281e-01  -1.0299721e-01   2.5659469e-01   1.6164251e-01
  -1.6033137e+00   6.8314898e-01   3.2395758e-02   3.3480647e-01   1.0858179e+00   1.3446072e-01   7.0926100e-02  -1.6349599e-01   3.6546370e-01  -6.3033217e-01  -5.3178526e-02  -1.2498822e+00   4.6353370e-01   6.2859036e-02   1.4511819e+00   4.5246728e-02   1.1047375e-01  -6.0915288e-02   5.2390063e-01   9.5268697e-01
  -3.1585428e-01   2.2573884e-01  -1.8129793e-01   3.8712522e-01   1.4294724e+00  -1.7002022e-01   1.2364744e+00  -7.1415281e-01  -7.3703122e-01  -1.7184137e-01  -2.2114746e-01  -7.3018742e-01  -4.4818428e-01  -9.9673355e-01   9.9017143e-01  -3.4386811e-03   9.5287621e-01  -3.1924304e-01  -8.0986989e-01   7.4830586e-01
   4.7105232e-01  -1.3209048e-01  -9.1905072e-02   1.2168267e-01   2.0657418e+00  -3.4097371e-01  -3.7455115e-01   4.7319737e-01  -4.1732186e-01  -7.2650835e-02   5.4244459e-01  -5.4649383e-01   1.8125975e-01  -1.2837176e-01   1.5322526e+00   4.0684754e-01  -3.3245805e-01  -1.9445011e-01  -1.1974063e+00  -2.6932570e-01
  -3.2881936e-01  -4.0447575e-01   2.6800591e-01  -4.2799678e-01   7.0812935e-01   1.9844536e-01   5.3401090e-02   7.6093674e-01  -1.3922008e+00  -1.1137637e+00   4.3848860e-01  -1.7326701e+00   1.6826670e-01  -8.1758910e-01   7.9336429e-01  -1.9556656e-01  -3.7856123e-01  -4.1070908e-01   2.1010895e-01  -5.0683177e-01
  -1.2770646e+00  -2.3620486e-01   3.6875293e-01  -3.1782207e-01   1.1948313e+00   2.7576405e-01  -4.3363661e-01   2.9998946e-01  -1.1197990e+00   9.7050898e-02  -1.0765538e+00  -9.2756683e-01   5.5695128e-01  -7.9949729e-02   1.0500958e+00   1.0894395e-01  -1.5818517e-01  -4.5240313e-01  -1.0350205e+00  -5.2895212e-01
  -2.0371625e+00  -5.1650274e-01  -1.8147922e-01   2.1458659e-01   4.3110320e-01   3.7838649e-02   7.1708374e-03  -7.3437110e-02  -2.6832309e-01  -3.2076258e-02  -3.2728560e-02  -3.5335392e-01  -2.2441049e-01  -4.9180916e-01   2.0817242e+00  -1.1699968e-03  -1.6045247e-01   7.0025779e-02  -1.4345261e-01  -6.5991509e-01
   5.9923524e-01  -7.2124964e-01  -7.0069835e-02  -1.0336042e-01   1.7107105e+00   4.0051338e-01   1.3995767e-01  -1.7251176e-01  -7.0629448e-01  -5.8151448e-01  -4.5916572e-01  -3.6363003e-01   3.1443900e-01  -2.0358476e-01   9.5092231e-01   1.9550718e-01   9.7462721e-02   2.1666922e-01  -1.7607483e+00   7.4113882e-01
   5.6388545e-01   2.0442644e-01   4.4475976e-01   3.6726592e-03   1.4813173e+00   4.8152771e-02   9.6762329e-01  -1.9504708e-01  -6.7284459e-01  -6.6879940e-01  -2.0765395e-01  -9.7234893e-01   2.2199306e-01  -4.6641040e-01   5.8793592e-01   4.8275220e-01   1.1299313e+00   6.8401918e-03  -1.2079648e+00   8.9518559e-01
  -1.0107186e+00  -5.1286989e-01  -8.9880735e-02  -4.6893549e-01   1.4978909e+00  -3.3063224e-01   4.0732181e-01   3.8500294e-01  -2.7037963e-01  -9.0903497e-01  -6.8536586e-01  -9.7135866e-01   1.4738962e-01   4.9430668e-01   1.1021646e+00   2.6653737e-01  -2.9533783e-01  -3.3118069e-01  -5.0042069e-01   1.2281649e+00
  -2.0295893e-01  -1.8839562e-01   2.7748050e-02  -2.7567023e-01   5.6011856e-01  -1.1798097e+00   1.2375253e+00  -3.9233837e-01  -1.2778115e+00  -8.0817878e-01  -2.5446555e-01  -1.4998085e+00   7.6451123e-01  -4.1451648e-01   8.1216925e-01   2.9922679e-01  -3.7642565e-01  -1.8351488e-01  -9.3234316e-02  -4.0719900e-01
  -4.0967593e-01  -1.7184423e+00  -3.5644513e-01  -8.8053668e-01   4.2943373e-01   4.4782990e-01   2.1894969e-01   1.3951044e-01  -6.7336816e-01   2.3710330e-01  -6.6170824e-01  -4.8192954e-01  -4.3564183e-01  -5.3911054e-01   1.1308379e+00  -3.1645408e-01   5.2892381e-01   4.7363436e-01  -1.4051530e+00   8.1810765e-02
  -3.9309564e-01  -9.0329218e-01   4.7016478e-01   7.6496884e-02   1.7709372e+00  -6.2510103e-02  -4.2936137e-01   6.3063896e-01  -2.9044366e-01  -1.0623863e-01  -2.8428724e-01  -3.8366598e-01   6.6773254e-01   4.4726396e-01   1.8693808e+00  -3.5094780e-01  -1.8935384e-02  -3.8405502e-01  -5.7106191e-01  -1.3840993e-01
  -4.4432443e-01  -1.2051938e+00   1.8721424e-02   5.4936379e-01   1.5202520e+00   6.9858593e-01  -4.8154253e-01  -2.8688231e-01  -2.0615229e-01   1.2211093e-01  -1.0240819e+00  -5.3033078e-01   3.1578436e-01  -4.2149600e-01   1.4843695e+00  -7.5037634e-01   3.6634251e-01  -2.8618270e-01   4.3441078e-01  -3.1390980e-01
  -6.3955981e-01  -1.6810139e+00   4.0500191e-01  -1.7002374e-01   9.5770007e-01   4.0288401e-01  -3.0611645e-02   1.9991884e-01  -5.7285849e-02  -4.5381159e-01  -4.5141193e-01  -2.1218708e-01   1.6787398e-01   6.6081142e-01   2.0706933e+00  -2.7276739e-01  -5.1686551e-02  -9.4335616e-02   9.7895423e-03   3.9382288e-01
   1.0176668e+00  -3.7278643e-01  -8.5478887e-02   1.9279714e-01   1.7673458e+00  -2.4131207e-01  -1.7877539e-01   3.4631309e-01   5.5952901e-01  -2.2269642e-01   1.0007195e+00   3.4949967e-01   4.6351573e-01  -9.8661914e-02   1.6649767e+00  -1.5860377e-01  -6.0514819e-02   2.2963580e-01   8.6225945e-01   3.7315619e-01
   1.0801175e+00   4.0913999e-01  -9.7089058e-01  -4.7045702e-01   8.2922393e-01   1.7223278e-01  -7.4472839e-01   8.8024750e-02  -8.5065342e-02  -1.3607261e+00   1.3000277e+00   1.7906770e-02   1.2731827e-02  -1.6095027e-01   9.2296548e-02   1.9449222e-01   1.6034594e-01   1.0188643e+00  -3.8245547e-01   1.1792637e+00
  -1.7349275e+00  -6.5830076e-01   5.4234743e-01   8.4111208e-01  -2.3381298e-02  -3.0349857e-01  -2.1774347e-01   1.4151756e-03   5.9127837e-01   1.4016129e-01   2.7959865e-01  -3.7770125e-01   5.9476101e-01   1.5596928e-01   1.1111363e+00   3.3326414e-01   6.7305356e-01   5.1350325e-01   1.0179989e+00   1.1610905e+00
  -5.1255488e-01   8.1572622e-01  -3.2777691e-01   4.0241900e-01   1.3100270e+00   8.3352429e-01   6.0012132e-01   6.5995646e-01   7.3281485e-01   4.9402270e-01   7.1243906e-01  -9.3791610e-01  -1.7902409e-01   7.0796281e-01   1.1850724e+00  -3.0249795e-01  -5.8641160e-01   5.2239127e-02   1.0234656e+00   6.5527126e-02
  -3.4717965e-01  -1.0028706e+00   7.9562098e-01  -6.5826720e-01  -1.3717069e-01  -3.7491080e-01   3.6136100e-01  -2.8186059e-01   1.5296192e+00  -6.3635391e-01   1.1464167e+00   1.1978542e+00  -1.8523218e-01  -1.8526496e-01   6.4458355e-02  -2.5306195e-01  -8.0417132e-01  -5.0431687e-01   1.8578994e-01  -9.3370533e-01
   6.3462079e-02  -1.4495453e+00  -1.1270352e-01  -6.9956392e-02   1.3058088e+00  -5.9721678e-02   7.2247922e-02  -1.3674539e-01   9.3189210e-01   5.2683961e-02   1.1112099e+00   8.6080992e-01   3.0237740e-01  -4.5564309e-01   1.3303276e+00  -2.8810754e-01  -1.1219587e-01  -5.7095908e-02   1.0410867e+00  -2.1462683e-01
  -8.9555663e-01   1.9585660e-01  -1.0931441e+00  -2.6680991e-01   8.5609233e-01  -4.2615686e-02   9.1314775e-01   4.4877660e-01   8.4240180e-01  -2.1247156e-01   1.6213845e-01   8.6857760e-01  -2.5330669e-01  -5.6727803e-01   4.4533139e-01   2.7496070e-01  -1.5106020e+00  -4.7287352e-02   1.2811193e+00   5.2000556e-02
  -6.9685340e-01  -1.3533010e+00  -1.3554755e-01   1.4730135e-01   1.2929665e+00   4.1420013e-01   1.0405978e-02  -1.2228016e-01   5.5641222e-01   5.5566949e-01   8.3995700e-01  -5.4015183e-01   1.2798689e-01   4.3601373e-01   1.2645626e+00   1.1894834e-01   7.9711236e-02  -9.1883123e-02   1.1668024e+00  -9.8634738e-01
   8.6452055e-01   5.5397552e-01   1.6471373e-01   2.8578568e-01   1.4992951e+00   4.1536260e-02   3.4795129e-01  -1.2063348e-02   6.0592985e-01   9.9496967e-01   1.5111390e+00  -6.4349037e-01   1.6274218e-02   4.3110043e-01   1.0108610e+00  -3.9985058e-01  -2.9575565e-01   2.5574479e-01   4.2858583e-01  -8.4080493e-01
   9.4887358e-01   9.7603065e-01  -5.3259200e-01  -6.2759197e-01   1.1748772e+00   2.1143230e-02  -6.4055413e-01   4.4891924e-02   5.5388778e-01   3.1221581e-01   9.9444336e-01   1.2716028e-01   1.1228058e+00  -7.6966882e-02   1.6397518e+00  -3.6381370e-01  -3.0829909e-01  -1.6867284e-02  -1.2852286e-01  -2.5960955e-01
  -4.8840919e-01   3.9792874e-01  -1.6697624e+00   1.5345706e-01   2.2671077e-01   1.9412848e-01   1.3792111e-01   1.0832628e+00   2.5518745e-01   1.4488143e-01   2.5652561e-01   1.6712859e-01  -1.1835015e+00   6.1275995e-01   6.4926809e-01   1.3155255e-01  -1.3920505e+00   8.4496111e-01   6.7836088e-01   5.5660699e-02
  -3.7329441e-01   1.9510524e-01   3.8098708e-01   9.7555004e-02   7.6670343e-01   7.5151724e-01  -1.2296736e-01  -1.0969720e+00   1.9826580e-02   1.7970251e+00   1.0282180e+00  -1.4653742e+00   3.7420517e-01  -4.5373902e-02  -2.7976823e-01  -1.8180305e-01  -4.0306899e-01   3.6841154e-01   5.5760515e-01   7.9807295e-03
   8.3954525e-01  -9.6376699e-01  -5.6516975e-01   1.5747085e-01   1.4844384e+00  -7.9953298e-02  -5.6552899e-01  -2.8369626e-01   5.2054203e-01   5.0693333e-01   1.0540833e+00  -1.6868989e-01   6.5881878e-01   2.0062429e-01   1.4944673e+00  -1.9165254e-01  -2.6893657e-01  -2.8601059e-01  -1.0563483e-03  -9.1965628e-01
   3.2695800e-01  -6.0130931e-02   1.7537177e-01   1.8313624e-01   1.8157660e+00  -5.5338299e-01   9.8054194e-01   3.9810142e-01   3.1173211e-01   5.8130223e-01   8.7805152e-01  -2.7888107e-01  -3.3654279e-01   7.2704065e-01   1.5432438e+00   7.4299417e-02  -3.2467377e-01   3.2232270e-01   5.6280822e-01  -5.1296759e-01
  -9.0806001e-01   1.0609051e+00  -3.6573243e-01  -2.9260146e-03   1.3612902e+00   4.6022467e-02   2.0481758e-01   2.3733392e-01   8.0356026e-01   3.7891525e-01   1.0700567e+00   2.1974970e-01   4.2716193e-01   2.4906863e-01   9.4674599e-01   3.0807266e-01   6.6007167e-02   3.9564297e-01   1.5934216e+00   2.1074402e-01
  -1.7256042e-01  -7.8931361e-01   1.7306430e-02   1.1847786e-02   1.9071485e+00   3.5974738e-01   2.4923882e-03   7.5056311e-03   4.3470901e-01   5.7143849e-01   6.7831859e-02   1.4069039e-01   1.8255816e-01   5.8292679e-02   1.2789825e+00  -5.7937413e-01   1.1767466e-01  -1.2035993e-01   3.7020305e-01  -1.6930983e+00
  -2.8339699e-01   1.9833818e-01   5.6487672e-02  -2.3816228e-02   1.9850731e+00  -4.1512215e-01  -2.8132346e-01  -1.5584493e-01  -5.3420943e-01   5.4446739e-01   1.0550489e+00  -1.5976703e-01  -2.8280655e-01   2.0332809e-01   1.1000541e+00  -4.0730294e-02  -2.2932242e-01   1.0849678e-01  -1.5718315e+00  -2.6781529e-01
   7.5646514e-01   2.2003274e-01  -1.6352418e-01  -1.1083352e-01   1.8611414e+00   1.1657907e-01  -3.9132461e-01  -2.0406635e-01  -1.1150967e-01   7.8480232e-01   4.7484320e-01  -1.8255994e-01   2.8308219e-01   2.0078209e-01   1.2599961e+00  -1.8379997e-01  -2.9872930e-01  -2.5272754e-01  -1.3424826e+00  -1.0410388e+00
  -1.1951340e+00   6.9323897e-01   1.2621455e-01   2.0591106e-01   1.5911089e+00  -3.9161023e-01  -1.1200272e-02  -2.1062051e-01  -2.6940024e-01   2.3072314e-01   2.6160485e-01  -8.6778951e-01  -1.7826384e-01  -4.2569366e-01   1.9808469e+00  -3.0238435e-01  -2.4322906e-01  -9.0141721e-02  -1.0489314e-01  -2.2247440e-01
  -5.1392090e-01   1.5891176e+00   1.2905677e-01   1.3261993e-01   1.3078971e+00  -1.1997768e-01   9.3238885e-03  -2.0978634e-01  -3.9613965e-01  -9.0908371e-02   6.5497744e-01  -6.2083906e-01  -3.7391189e-01  -4.0158045e-01   1.8366400e+00  -4.3860066e-01  -1.1024720e-01   8.4729634e-02  -5.1004398e-01   5.3052920e-01
   8.8634200e-02  -3.2346347e-01  -2.4275947e-01   2.4775073e-01   3.9246824e-01   4.0462071e-01  -1.1542652e-01  -5.4735726e-01  -1.9579462e+00   4.7676826e-01   1.8707130e+00   6.5292478e-01   6.3498348e-01   7.5482838e-02  -5.1500869e-01  -4.7495258e-01  -2.3960613e-02  -3.1532305e-01  -1.7330521e-01   3.4646380e-01
  -3.5452724e-01   1.3491862e-01   2.3648989e-01   2.7412912e-01   1.0068529e+00  -1.0185231e-01  -4.0346900e-01  -9.3457812e-01  -1.0874745e+00   1.1674465e+00   1.4476898e+00   6.7817944e-01  -2.6372710e-01   1.0230817e+00   1.0530257e+00  -9.9783894e-03  -3.7645516e-01   1.6876796e-01   2.7276060e-01   3.0595374e-01
  -4.4537687e-01   5.3378779e-01  -2.9108855e-01  -2.4285104e-02   1.8361686e+00  -1.4607672e-01   5.2507806e-01   5.2221346e-01   1.3635920e-01   4.0007627e-01   3.1757143e-01   1.4929940e-01  -4.3285206e-01   7.8305709e-01   1.8557186e+00   3.0082917e-01  -1.1597037e-02   3.8016748e-01   4.2703018e-01  -7.2565639e-01
  -1.5041381e+00  -4.8646029e-02   3.6655551e-01   1.4923735e-01   9.1504288e-01   2.4888813e-01  -2.5410599e-01  -1.2666732e-01  -8.8361770e-01   6.4873701e-01   2.9242033e-01   7.3992407e-01   3.3272365e-01   5.1959854e-01   1.1718063e+00   1.0440727e-01  -1.9151273e-01  -4.6577787e-01  -1.0095221e+00  -1.3139967e+00
   1.6120730e-01   5.7116878e-01   1.5924393e-01  -5.3960210e-01   3.1382957e-01  -3.0979365e-01  -3.9926526e-01   7.6175585e-02  -1.3270392e+00   1.3622135e+00   1.7743194e+00  -6.2360781e-01  -2.4046050e-01   7.5416654e-01   5.9065104e-01  -6.2593621e-01   3.4688273e-01   2.9957041e-01  -2.3747090e-01  -4.2907137e-01
   1.4468122e+00   8.9678246e-01   3.4893242e-01   5.5052119e-01   6.3979846e-01  -3.1245294e-01   2.3364894e-01  -2.0537786e-01  -4.9410153e-02   1.0689193e+00   1.3770894e+00  -6.3422626e-01  -4.7670698e-01   4.2127028e-01   1.3996809e+00   5.2329939e-02  -1.6259626e-01   1.3914505e-01  -1.8561894e-01  -4.2835060e-01
  -1.2693168e+00   1.5972145e+00   3.4569824e-01   5.0293988e-01   6.6865265e-01   2.0201473e-02   4.8841987e-02  -1.9376186e-01  -1.5658055e-02  -2.4431632e-01   8.2178235e-01  -4.3419579e-01  -7.5307554e-03  -5.0918233e-01   1.7165177e+00  -2.6663163e-01  -1.3063581e-01  -2.3218760e-01   8.0359334e-01   2.4591699e-01
  -5.6446654e-01   1.6264210e+00   1.8221986e-02  -4.0405923e-01   7.5741559e-01  -3.6495954e-01  -7.8275800e-02   1.6114864e-01  -3.5365489e-01   9.0307683e-01   9.7313869e-01  -3.4229031e-01  -4.1554642e-01   2.9845038e-01   1.0289505e+00   7.6875162e-01   3.1017700e-01  -1.7515045e-01  -3.8070637e-01  -1.3948085e+00
   1.5556581e-01  -3.7918955e-01  -3.6114380e-01  -3.5777394e-02   7.8235543e-01   2.5795275e-01   1.4599501e-02  -8.1130880e-01  -7.1669829e-01   1.7109274e+00   1.8525227e+00   1.6480182e-01   3.2533026e-01   6.7748410e-01   5.5445939e-01  -5.2518356e-01   6.0221486e-02  -3.7949213e-01  -3.9989942e-01   8.7739430e-02
  -9.2265874e-01  -1.3510643e+00  -1.9225630e-01   5.4128128e-01   8.0294478e-01  -2.4131243e-01  -1.1820213e-01  -1.7167522e-01   1.7863548e-01   1.0564376e+00   9.7534055e-01   4.8495311e-01   2.6984093e-01   3.8282955e-01   6.2629503e-01   4.0356812e-01   1.3544847e-01  -4.8444280e-01   3.4468377e-01  -1.6631957e+00
  -1.4503386e+00  -6.0811651e-01   9.8570782e-01   5.3399128e-01   4.5086780e-01   5.8306372e-01  -2.0337082e-01  -4.5599279e-01  -5.5321425e-01   1.9343920e-01   2.2502074e-01  -5.1489967e-01   5.8553195e-01  -8.2307065e-01   1.2809714e+00  -5.8495247e-01  -6.5191805e-02  -7.8451198e-01   3.9760065e-01  -1.0183537e+00
  -9.2407924e-01   1.4861223e-01   2.5608695e-01   4.0881261e-02   1.6653584e+00   1.8540632e-02  -4.4465742e-01  -2.1140845e-01   1.6143708e-01   9.5654744e-01   6.6866630e-01  -1.0603846e-01   3.5061944e-01   3.2735971e-01   1.1289468e+00   3.9769956e-01   5.0905976e-02  -4.2011312e-01   4.7439048e-01  -1.6044449e+00
   1.4901108e+00   4.2837453e-01   3.1055611e-01  -1.0121773e-01   9.9512941e-01   3.0155009e-01   1.9309784e-01  -3.1564094e-02   8.5302079e-01  -7.6672107e-01   1.3861208e+00   2.1770637e-01   8.9642309e-02  -3.4482235e-01   1.0044028e+00   9.4185248e-02   1.4989166e-01  -2.2346987e-01   4.7545600e-01   1.2816184e+00
   5.9262031e-01   6.9954741e-01  -7.8437917e-02   1.1355875e-01   1.8783193e+00   1.8322850e-02   1.2884241e-01   1.7968404e-01  -5.6603712e-01  -3.5234776e-01   1.3106216e+00   3.4618281e-02  -3.6342457e-01   3.1627330e-03   1.4347124e+00   1.6141611e-01  -2.3271705e-01  -1.4954602e-02  -7.9533875e-01   7.0435798e-01
  -3.5559493e-01   1.2710859e-02  -2.6043105e-01   2.4205135e-01   1.8276998e+00   3.1805775e-01   1.6288896e+00  -9.1804141e-01   1.0119010e+00  -4.9518648e-01   4.7993156e-01  -1.0058502e+00   3.5034230e-01   1.0874274e-01   3.2422101e-01  -1.1274429e-01  -1.5886509e-01  -5.2794281e-02  -1.1493421e-01   6.6310026e-02
  -8.1590253e-01   1.2215490e+00  -2.6018286e-01  -6.0587871e-01   8.1193280e-01   6.9183809e-01  -4.6955112e-01   2.0564079e-01   3.8606722e-02  -9.8027343e-01   7.6603007e-01  -6.1168730e-01   4.8163030e-01  -2.2554949e-01   8.7114012e-01  -1.3118315e-01  -3.5523817e-01   5.7687539e-01  -3.7077665e-01   1.5581772e+00
  -1.0710861e-01  -2.5862423e-01  -5.9329767e-02   2.3559549e-01   9.3454683e-01  -6.5022314e-01  -1.1631647e+00   4.2921450e-02  -6.4050734e-01  -1.6565778e+00  -2.9938218e-01   1.7247895e+00  -4.8294577e-01  -2.4451587e-01   3.2347077e-01   4.5367014e-01  -4.1200450e-01  -9.0558887e-02   3.4690967e-01   3.0142334e-01
  -3.6492452e-01  -5.7201886e-01  -5.0640172e-01  -4.1811356e-01   1.2452568e+00   1.3941772e-01   1.0727676e+00  -2.2068058e-01   8.2003725e-01  -7.9357409e-01   1.1223068e+00   3.3279862e-02  -1.4859223e-01  -3.2098427e-01   4.2138380e-01  -1.4242910e-01  -1.0180297e+00  -7.1120095e-01   1.3822663e+00  -4.2486261e-03
  -8.0063409e-01   1.4755851e+00  -4.2879626e-01  -1.2567112e-01   8.5050547e-01  -4.8855320e-02  -1.0668281e-01   1.1690750e-01   8.4336586e-02  -9.7816634e-01   4.8887634e-01   8.3149374e-01  -4.9822611e-01  -2.1518682e-01   1.1134032e+00   1.3794276e-01  -4.3772885e-01  -7.6319225e-02   1.1503825e+00   1.1237594e+00
  -3.4466609e-01  -1.8686174e+00  -9.5656127e-02  -7.5552171e-01   6.9111758e-01   4.1152626e-01   2.5155321e-01   1.3494903e-01   3.2458806e-01   1.0985307e-01  -9.3792595e-02   5.0226098e-01  -5.4472256e-01  -8.7431677e-02   1.5801693e+00  -2.4258411e-01  -4.7402573e-01   3.0981401e-01   1.0211375e+00  -6.9208300e-01
   1.4003165e+00  -7.1410525e-01  -9.4005816e-02   2.2338869e-01   1.4501261e+00  -1.2565808e-01  -1.2406545e-01   1.2331071e-01  -5.5543083e-01  -3.6823645e-02   6.5858138e-01  -4.8615485e-02  -2.3207437e-01   9.0838365e-02   1.3020744e+00   6.6750008e-01  -9.8428078e-02  -1.6986518e-01  -1.5201471e+00   1.5089056e-01
  -4.2002663e-01   5.0538850e-01  -5.4636496e-01   6.4409792e-02   1.3490883e+00   4.3144771e-01   3.0184287e-01   7.9735559e-01  -5.1817572e-01  -9.6358240e-01   8.9186567e-01  -2.0611458e-01  -2.4210103e-01  -8.6823553e-02   3.2517537e-01  -1.7435999e-01  -8.5880852e-01  -7.4918181e-01   5.8624554e-01   1.6287173e+00
  -9.1898149e-01   7.5032288e-01  -7.3204242e-02   2.6763484e-01   1.7317208e+00   1.5034655e-01   3.3433747e-01  -8.7021306e-02  -5.3348966e-02  -2.8583077e-01   2.3857778e-01  -2.6208195e-01  -3.6046341e-01  -5.6178778e-01   2.0125830e+00  -8.1071302e-02  -3.9012417e-02  -1.9854555e-01   2.5479019e-01   7.4570167e-01
  -9.7538406e-01   2.9939508e-01   4.6080026e-01  -3.3281690e-01   1.4358670e+00  -2.0763093e-01  -6.4053452e-01   3.9100617e-01   4.8116928e-01  -7.6632351e-01   7.2966141e-01   4.6456158e-01   5.9431589e-01  -3.9898151e-01   1.0408026e+00   4.1673416e-01   2.1228087e-01   6.9132340e-01   3.0382451e-01   1.4199491e+00
   6.8923868e-02  -3.0220720e-01  -6.5079987e-02   1.6751690e-04   2.1627443e+00   3.2282320e-01  -1.5046443e-01  -1.6941035e-02   2.5257073e-02  -1.7581193e-01   8.9308995e-01   8.4134199e-02   9.3489774e-02  -4.7319420e-02   1.9826950e+00  -1.5715030e-01  -2.7956647e-01   3.9473239e-02  -2.9438174e-01   3.5456130e-01
   1.5593523e-01  -1.8965721e+00  -7.6666778e-01  -4.7000259e-01   5.8101898e-01   2.7007630e-01   3.2005173e-01  -1.3531785e-01   6.9265738e-02  -7.3718911e-01   1.2600716e+00   3.2245952e-01  -1.5859783e-01  -5.6296265e-01   1.5099365e+00   2.8715903e-01  -2.1565273e-01  -1.7703761e-01   1.1268934e-01   6.1206106e-02
  -2.1124530e+00   9.8759107e-02  -1.5097784e-01  -3.6096159e-01   2.6679713e-01  -1.8876079e-02  -1.3988185e-02   4.7835797e-02   1.5234319e-02  -4.5597774e-01   2.7684447e-01   4.2653474e-01  -2.6764479e-01   3.3466908e-01   1.6918050e+00  -8.0680901e-01  -2.5248486e-01   2.6818577e-02   9.1173655e-01   4.9137026e-01
  -1.0700397e+00  -2.4438037e-01   4.7906291e-02  -1.1697078e-01   1.8248199e+00  -1.5440959e-02   1.3470713e-03   2.4050151e-01   6.0629302e-01   6.7239784e-02   3.6074793e-01   3.8967869e-01   2.7522507e-01  -8.2495414e-02   1.5691208e+00   2.8847894e-01  -5.9473809e-02   8.2959451e-02   1.4322573e+00   2.1787767e-01
   7.1946613e-02  -6.8913400e-02   1.3878174e-01   1.4957817e-01   1.4111350e+00  -1.1060135e-01  -1.0260426e-01  -2.6487768e-01  -1.5042160e+00   6.0084969e-01   1.1585200e+00   5.8323878e-01  -2.1520750e-01   4.6790592e-02   2.4394000e-01   7.4400596e-02  -4.5838875e-01   3.2284740e-01  -1.2155477e+00  -1.2855909e+00
  -1.0594594e+00   5.3209294e-02  -1.7887390e-01  -4.2271292e-01   1.1771979e+00  -3.4529707e-01   2.6897186e-01   3.9079994e-01  -1.1082246e+00  -2.7609333e-01   5.0942951e-01  -2.5150573e-01  -3.3548960e-01   1.0134765e-01   5.4544169e-01   3.9757822e-02   4.3426529e-01  -8.6826789e-01  -1.9532562e+00   3.5661861e-01
  -1.5092741e+00   2.6603916e-01   3.9833847e-01  -6.1488789e-01   1.0658362e+00  -1.8644354e-01  -2.8143883e-01   4.2146611e-01  -2.1818638e-01  -4.4058552e-01   1.9917425e-02  -5.9238529e-01   8.0075985e-01   5.0807118e-01   1.6860307e+00  -4.0074727e-01  -5.7717180e-01  -7.9660378e-02  -6.1309797e-01   6.8984985e-01
  -4.4926429e-01   8.5777062e-01   3.3715731e-01  -2.9463956e-01   1.6237335e+00  -5.7427879e-02  -6.5920073e-01  -2.2141007e-01  -7.9663032e-01   1.9529033e-01   1.9933343e-01  -1.1023866e-01   4.0902425e-02  -5.1618183e-01   9.7834909e-01  -4.6913704e-01  -8.9308307e-02   6.8828166e-01  -1.3341666e+00   1.1431539e+00
   3.1121650e-01  -1.1956114e+00   1.8205786e-01   1.1882432e-01   1.4285185e+00   5.8767223e-01  -1.6661401e-01   2.0886570e-01  -7.8722644e-01  -1.9177543e-01   4.4700560e-01   1.3572383e-01  -4.3152368e-01   2.2396490e-01   1.1309556e+00  -5.5471738e-03   1.7699189e-01  -4.0426710e-01  -1.8395537e+00   8.1706066e-03
  -1.1479613e+00  -6.1172652e-01  -1.1047262e-01  -1.0557250e-01   1.6512250e+00   6.8228170e-02   2.1192756e-01  -3.7320264e-02  -6.9936502e-01   2.5359264e-01   4.7139339e-02   4.3393534e-02  -1.0932112e-01   9.6738674e-02   1.6815677e+00   2.3736137e-01   3.8777802e-02   2.3300774e-02  -1.2819960e+00  -6.3143820e-01
  -6.8883806e-01  -2.1534011e-01  -5.5473405e-01   2.1072683e-01   1.4697485e+00  -5.9855962e-01   5.2216363e-01  -1.0230371e+00  -6.7744446e-01   1.7550097e-01   8.1715542e-01  -7.4898288e-02  -9.8249680e-01  -4.4898149e-01   1.4618039e+00   3.4943724e-01  -2.6001778e-01   4.8628333e-01  -4.4634119e-01  -4.4390747e-01
  -1.4650940e+00  -7.5535101e-01   2.7366266e-01  -4.1010845e-01   1.1985884e+00  -5.2607190e-02  -5.5730399e-02   3.9814329e-01  -1.6671690e-01   4.5438197e-01   1.4859347e-01   1.7670938e-01   2.9461426e-01   6.4264476e-01   1.7609483e+00  -2.5627729e-01   2.9071236e-01  -1.5812142e-01  -2.9550412e-01  -1.1349232e+00
   2.1998382e-01  -2.7523470e-01   3.8122173e-02   9.4239734e-02   1.9274327e+00   1.2620339e-01  -2.5595561e-01   1.4663136e-01  -6.1869818e-01  -8.0933785e-01   6.5487117e-01   3.9016724e-01  -2.5757092e-01   2.3989051e-03   1.0046417e+00   1.5515995e-01  -1.9583473e-01   4.9117621e-02  -1.0312643e+00   1.4915358e+00
  -2.8521925e-01   1.3849300e-01  -2.3807250e-01  -1.2014850e-01   9.6692348e-01  -3.9314184e-02   6.1047578e-01   6.2039232e-01  -3.8829201e-01  -1.5381740e+00   8.4772199e-01  -1.3404258e+00   4.8199472e-01  -1.0986397e+00   1.1939098e+00  -4.6206146e-01  -5.1188342e-02   6.5461397e-02  -1.2168685e-01   4.7074091e-02
  -1.6655328e+00  -9.6540827e-01  -2.9391277e-01  -3.5774475e-01   3.6704174e-01   7.2358668e-02  -1.0941501e-02  -7.0491366e-02  -7.9929841e-01  -4.0505591e-01   4.4234213e-01  -2.8353715e-01  -4.0804020e-01  -1.0126624e-01   1.5622633e+00  -4.4341248e-01   8.5660513e-04  -4.1752985e-01   1.3490550e-01   1.3597810e+00
   5.5506140e-01   1.3215522e+00  -4.4458297e-01  -9.1253442e-01   2.0836806e-02  -4.7047928e-01   2.3789465e-02   2.3619646e-01  -7.9306418e-01   5.0783926e-01  -1.3000274e-01  -9.4064450e-01   4.4096136e-01   2.0209110e-01   1.3595222e-01   4.6334383e-01  -1.2546722e+00  -1.6516553e-01  -1.3402644e+00  -9.9099976e-01
   1.1980606e+00  -7.9976207e-01  -4.6343786e-01  -2.7197061e-02   1.0301353e+00   3.5918856e-01  -2.6148525e-01  -1.7167412e-01  -7.1881002e-01  -9.2390925e-01   1.0927240e+00   4.0391374e-01  -1.9119838e-01  -4.5951226e-01   1.4868515e+00  -1.0671312e-01  -1.9854082e-01   2.7823216e-01  -1.0231783e+00  -2.4584091e-01
   7.4518377e-01  -1.3210347e+00  -9.3908739e-01  -2.6333374e-01   8.6355531e-01   5.4428315e-01   2.2352396e-01  -5.2688581e-01   8.0988623e-02  -3.5130084e-01   3.4225401e-01   1.2008972e-01  -1.6159947e-01  -1.1944982e+00   1.7467018e+00  -6.5719992e-01  -1.4459331e-01   2.3190229e-01  -3.2181719e-01   5.6514550e-02
  -1.3774271e+00  -5.0289267e-01   7.9413243e-03  -3.1775233e-01   1.5207880e+00  -4.1188875e-01   1.8247069e-01   2.8375024e-01  -3.1571555e-01  -1.2212833e-01   6.4096379e-01   3.7693188e-01  -2.0352273e-01   3.3119345e-01   1.9236950e+00   9.0323932e-02  -3.0291554e-01   9.9427566e-02   8.3284996e-02   7.1871555e-01
  -2.0352213e-01   6.4677335e-02   1.5257427e-01  -1.0016406e-01   8.7484998e-01   2.5985441e-01  -8.8417512e-01  -1.2090427e-02  -7.5235647e-01  -1.2757428e+00   1.0974081e+00   9.7269374e-01  -1.3391237e+00   3.1376633e-01   1.2111504e+00  -7.2637457e-01  -1.8993595e-01   1.3075783e-02   1.9569731e-01  -3.9198913e-02
