   5.0811809e-01  -6.3490182e-01  -2.7976179e-01  -8.4703408e-02   1.8592184e+00  -4.5561633e-01  -3.4026265e-01  -5.9525228e-01   8.2422984e-01   7.0338881e-01   2.7093904e-02  -4.3527192e-01   1.6970780e-01  -5.8823931e-01   1.9594879e+00   9.7155936e-02   2.2433062e-01  -1.9263726e-01   9.1192234e-01   3.3903906e-01   1.9455571e-01  -1.4624529e-02   4.1243482e-01   5.3719044e-01
  -2.0244968e+00  -4.5265189e-01  -9.5336443e-01   6.2003279e-01   1.5384987e-01   3.2077095e-01   1.3223816e-01   5.2430894e-02   2.8712690e-01  -5.5488288e-01  -2.6470503e-02  -2.4868754e-01   3.1789869e-01   3.1521526e-01  -8.1710982e-01   8.2856596e-02  -4.0652838e-01  -6.9917601e-01   1.5383942e+00   2.8372216e-01  -4.7300720e-01  -3.1835425e-01   1.1570263e+00  -4.0431955e-01
   4.8834640e-01   5.8858156e-01   2.0195030e-01  -2.5608492e-01   9.7379577e-01  -4.5761675e-01  -2.3674200e-01  -3.2786125e-01   2.8057635e-01  -1.7975122e+00  -7.3997921e-01   2.5484703e-02  -1.2275450e-01  -1.9066130e-01   4.0401405e-01  -7.6948410e-01   2.0289247e-01  -1.2137073e-01   5.4370886e-01   3.3905810e-01   3.3404106e-01  -8.5365373e-01   1.9974844e+00   1.6131029e-01
  -7.8819722e-01  -1.0122600e+00  -2.1686947e-02  -2.6322681e-01   1.9005225e+00   1.7275973e-01   2.3549436e-01   2.6103774e-01  -5.7074898e-01  -2.9833658e-02  -1.5756840e-01  -7.9238981e-02   2.3070870e-01   1.7662606e-01   4.8822755e-01  -9.5988572e-01  -1.8858819e-01   4.5347998e-01   1.8701757e+00   1.4535472e-01   7.6408647e-02   2.3265362e-01   8.6789811e-01  -5.8639342e-01
  -9.3418825e-01  -6.5442008e-01  -1.1205423e+00  -3.8234088e-01   1.0217375e+00  -4.5567679e-01   7.4487448e-01  -6.7596567e-01   3.2626882e-01  -2.6317865e-01   8.8195413e-02  -7.4193442e-01   9.5775968e-01  -1.3162711e+00  -3.0633959e-01   1.5146203e+00  -4.0034175e-01  -3.6578992e-01   4.8113507e-01   1.7860463e-01  -3.2103041e-01  -4.7404140e-01   5.2913088e-01   3.1128573e-01
  -2.8131303e-01   2.2783135e-03   2.0665117e-01  -1.0561782e-01   4.7637325e-02  -1.4983630e-02  -2.1470489e-02   2.9701775e-02   1.6244968e+00  -7.1381599e-01  -1.0488737e+00   1.0049571e+00  -3.5489446e-01  -4.8443529e-01   6.3484299e-01   3.7650922e-01   1.1917470e+00   5.9362715e-01   1.5192409e+00   2.2393771e-01   3.5802117e-01  -7.1300799e-01   2.1611990e-01  -9.4073856e-01
   1.9219486e+00   8.6682642e-01  -1.4527446e-01   2.4728514e-01   6.9797421e-01   5.5617034e-01  -8.0883920e-02   7.6190047e-02   5.5212402e-01   5.3347540e-01  -1.0980140e-01   1.2658779e-02   9.6019626e-02  -5.5544537e-02   5.8982533e-01  -5.0916827e-01   1.4556359e-01   1.7739864e-01   1.1434414e+00  -1.6398524e-01   2.0776810e-01  -2.4629936e-01  -7.1012306e-01  -1.8567206e+00
  -1.0026371e-01   9.4337183e-01   3.6793667e-01   4.2880703e-02   1.7766600e+00  -1.7158616e-02   6.1561406e-02  -6.6283250e-01   8.9705217e-01   6.3553017e-01   2.7972013e-01  -2.3804526e-01  -4.3114588e-01   3.6209524e-01  -1.0820798e+00  -1.0823817e+00   2.8991839e-02  -5.5756783e-01   1.4403751e+00   2.8233379e-01  -3.1150398e-01   9.3932681e-02  -5.6954715e-02  -8.8580722e-01
   1.1457996e+00   9.2475373e-01  -1.0864776e+00  -1.2845354e+00   2.9161376e-01  -3.3859053e-01  -5.3768927e-01   2.9886186e-01   3.0202714e-01  -3.7821329e-01  -5.1792860e-01   3.5211486e-01   1.2689458e+00   1.4846145e-01   1.0579859e+00   1.3402019e-01   5.9330726e-01  -9.2374933e-01   5.7569242e-01  -7.4451041e-01   2.9619774e-01   6.8753356e-01   6.2252264e-02   6.0990357e-01
  -8.1130803e-02   2.5856045e-01   3.8606901e-02   2.1826681e-01   1.1391363e+00   9.6745038e-01   1.1021141e+00   1.0415540e-01  -4.3996146e-01  -1.1903905e+00  -6.0763848e-01  -5.9426123e-01   9.5037109e-01   7.9147220e-01  -1.6409549e+00  -4.1666904e-01  -6.5821642e-01  -4.6745516e-02   8.8464886e-01  -3.0089888e-01  -3.0779469e-01  -1.5023966e-01   5.0658298e-01   8.2934164e-02
   1.0184417e+00  -3.8458815e-01  -1.0638474e+00  -3.9208645e-01   1.0279572e+00   6.1929035e-01  -4.6341377e-01  -1.1870985e+00   1.2268666e-02  -2.8602362e-01  -2.2631267e-01   2.4485658e-01   2.2498517e-01  -4.5974481e-01   4.1440502e-01  -2.4033983e-01   3.2820322e-02  -7.4737448e-01   3.9907512e-01  -6.0632443e-01   1.5425881e+00  -3.0246347e-01   1.3886505e+00   5.4280162e-01
  -9.7133970e-01   4.8716924e-01  -2.6493523e-01  -1.6740142e-01   1.7245253e+00   5.0886858e-01   1.3637897e-01   4.3287843e-01   3.5759491e-01  -9.5192903e-01   1.8942998e-01  -6.3035071e-02  -1.9630910e-01   1.6921516e-01   8.0982876e-01   2.3312166e-01  -2.4070393e-01   6.3829875e-01   2.0670178e+00  -6.3310623e-01  -9.7422734e-02   1.0080408e-01   5.1592392e-01   7.8826964e-02
   2.9299598e-02   4.1103351e-01  -6.2928863e-02  -5.9348240e-02  -9.9874668e-02   2.6074943e-01   2.5805119e-02  -1.4897612e-02  -2.1499426e+00  -1.9306807e-01   4.7724433e-03  -2.0754425e-01   7.3875797e-01  -5.4912609e-01   4.5412922e-01   6.1676897e-02   1.4696066e-01   2.1715233e-01   1.0358230e+00  -2.4103174e-01  -2.1243617e-01  -3.6265066e-01  -2.1167765e+00   3.5598713e-01
  -1.0387187e-01  -6.4518738e-01   2.9888293e-03   4.1749064e-02   1.8137099e+00   3.1659752e-01  -2.1859178e-01  -4.6902258e-02  -1.0681026e-01  -1.4523797e+00  -4.4471778e-02   1.8313807e-01  -4.7157787e-02   1.6495422e-01  -1.9323322e-01   9.3446416e-01   1.0703998e-01  -6.4154677e-02   1.2409136e+00  -9.8482728e-01  -1.3156693e-01   5.9141717e-03  -1.5728513e+00   1.3628085e-01
   2.9553446e-01   9.1113344e-02  -2.2581303e-01  -5.5238080e-01   1.1039174e+00   1.4792030e-01  -1.2277951e+00  -1.7487345e+00  -2.1540347e-01  -2.2492226e-02   1.9623260e-01   2.1348928e-01  -5.0890857e-01  -3.7106386e-01  -1.0310004e-01  -2.7161831e-01   9.4768476e-01  -1.4917759e+00   7.3615211e-01  -3.0082938e-01  -7.4886334e-01   7.3209614e-01  -5.1585764e-01   1.0635788e-01
  -1.5887697e+00   5.7301974e-01   1.6351758e-01   2.2120295e-01   1.5849483e+00   5.8442521e-01   3.8309988e-02  -2.8584868e-01  -4.6457928e-01  -4.0836114e-02   4.6635470e-03   7.1770117e-02  -5.7105914e-02  -3.8401276e-02  -5.2283669e-01  -4.1222075e-01   5.4977734e-02  -9.4087627e-03   4.0078411e-01   2.1566309e-01  -2.5837746e-01   4.1704450e-02  -2.2153962e+00  -5.2685779e-01
   3.9847982e-01  -3.1286698e-02  -1.5498255e-01   3.4128428e-01   2.3968291e-01  -6.2515473e-01   4.8475009e-01   5.1093704e-01   1.4801626e+00  -3.2766394e-02  -5.0092816e-01   1.4355292e+00   2.2744074e-01   4.9135509e-01   3.0003834e-01   4.0886649e-01   7.4410093e-01   9.0677506e-01   1.1280377e+00  -1.7134516e-01   7.8676069e-01   9.5495361e-01   1.2147592e+00  -1.3088152e-01
   6.2679487e-01  -6.3690126e-02  -7.4145198e-02  -2.4286371e-01   9.1435575e-01   7.6949888e-01   2.5273266e-01  -3.3332989e-01   1.7769464e+00   3.7260288e-01   2.1470253e-01  -4.7694743e-01  -7.1179350e-03   3.5532922e-01  -6.7334884e-01   1.1607739e-01  -4.4792625e-01  -7.3266047e-01   1.5195552e+00  -1.6194755e+00   2.2866366e-02  -1.1943305e-01   2.9402164e-01  -4.3488808e-02
   1.1338618e+00  -7.7350803e-02  -1.9118288e-01  -3.7599355e-01   1.7691379e+00  -7.6870996e-01  -5.3122097e-01  -3.8009095e-01   2.2615576e-01  -7.4913317e-01  -2.4376449e-01   2.7629429e-01   2.6789248e-01   3.2298878e-01  -7.6326698e-01   1.5377402e+00   2.7798063e-01  -2.9887620e-01   1.3667541e+00   2.6970944e-01  -5.1510386e-02  -1.7298196e-01   2.7532974e-01  -5.4393470e-01
  -2.1994472e-01   7.5954430e-02   1.3170449e-01  -3.1477126e-01   1.5765535e+00  -4.6817550e-01  -6.1330169e-01   1.6726298e+00   4.3446645e-01  -3.7587345e-01   1.1701131e-01   5.7798535e-01   8.8054562e-01  -6.8195355e-01   4.2693406e-02  -9.9068999e-01   3.7213576e-01   1.4542869e-01   2.2452892e-01  -1.9948992e-01  -9.6888959e-01   7.5650620e-01  -2.3287240e-02   1.1348760e+00
   5.1702332e-01   5.1284581e-01   2.3961864e-01  -7.6212007e-01   8.2461137e-01  -6.4780623e-01  -1.1259195e+00  -4.1262034e-01  -3.5435554e-01   8.5790914e-01   1.0986475e+00  -1.9811472e-01   1.1646241e+00  -8.1576979e-01   1.0582510e+00   6.6148883e-01   6.6591454e-01  -9.1167879e-01   9.7686356e-01   1.8600765e-01  -4.5409492e-01  -7.6361373e-02  -1.0630144e-01  -3.4627375e-01
  -1.3434275e+00   1.5423557e+00  -3.8244191e-01  -5.7376850e-01   8.3323336e-01  -7.4672741e-01   1.5520844e-01   3.2998902e-01   4.0748563e-01  -3.2491252e-02   5.1636255e-01   2.8114966e-01   5.2589971e-01   1.2984769e-01   5.9187883e-01  -1.8443375e+00   7.1573481e-02   3.0097550e-01   1.0931296e+00  -1.5243571e-01   2.1749496e-02  -8.8031359e-02  -2.7404228e-01   2.6472140e-02
   6.3443220e-01  -4.0701982e-01  -2.5200594e-02  -2.8751981e-01   1.6259364e+00   4.5156598e-01   3.8135475e-01  -3.5391593e-01  -1.2562084e+00   6.4697021e-01   1.0704475e-03   4.7071195e-01   1.4117627e-01  -1.2842384e-01   4.3499578e-02   5.1498401e-01  -2.1024852e-01  -7.5600453e-02   6.3087821e-01  -3.2425258e-01  -5.9026086e-01   3.9098299e-01  -5.7955168e-02  -2.1565788e+00
  -6.7453980e-01  -5.3345644e-01   9.9760234e-02   3.4477118e-01   9.2671835e-01   3.5781991e-01  -2.2226216e-01  -4.0668330e-01  -1.5154103e+00   7.4715823e-01   7.0761800e-01   3.6208306e-02  -5.4877883e-01   9.5701063e-01  -1.9659418e+00   8.8435072e-01   2.8651002e-01   4.3624230e-02   3.0802357e-01   1.4656706e-01  -3.1217900e-01  -1.4279868e-01  -3.0821928e-01  -5.4405206e-01
   5.7204258e-01   1.3532427e-01  -4.9269080e-01   1.7099452e-01   3.8488245e-01   5.6593484e-01  -5.3553385e-01  -2.5990501e-01  -1.2694335e-01  -1.6054276e+00   6.2625593e-01   9.8636955e-01   8.3089703e-01  -1.6390234e-01   8.1817740e-01  -5.2716130e-01   1.2219083e+00   4.3173596e-01   1.6611785e+00  -1.8664384e-01  -2.5953421e-01   3.5841069e-01  -2.2356117e-01   4.6573120e-01
  -4.3277506e-02   7.3538077e-01  -5.7894856e-02   3.6732429e-01  -2.4091981e-01  -1.1808510e+00  -1.0272853e-01  -5.9537053e-01   4.8356169e-01  -1.5953804e+00   2.4023192e-01  -7.2561508e-01   2.8510360e-02  -1.0318708e-01  -5.7661772e-02  -6.0954679e-02  -7.0272344e-01  -4.4524857e-01   1.2682769e+00   9.5741069e-01   6.1870623e-01  -3.7349066e-01  -1.4370654e+00   5.6134981e-01
  -2.8805269e-03   1.7113411e+00   7.1871024e-01   4.3604749e-01   1.2285450e+00   7.4669170e-01   6.5832329e-01  -3.1663927e-01  -1.1323201e-01   1.8032734e-01   1.4064556e-02   1.9229323e-01  -2.1203586e-01   2.3895624e-01  -3.3790016e-01  -6.1366767e-01  -5.2932870e-01  -5.0580937e-01   1.4596114e+00  -7.1972084e-01   7.1287468e-02  -5.6206685e-01   1.0953681e+00   6.1922079e-01
  -3.8000518e-01  -3.8353704e-02   4.6486828e-01  -4.8678905e-01   3.9132634e-01  -3.7164785e-02  -5.0462162e-01   4.7130853e-01  -6.8437207e-01  -9.3223560e-01   1.9975345e+00   2.0273441e-01  -2.8111872e-01  -7.5025350e-01   8.3134077e-02  -1.9140694e-01   6.9819964e-02   7.9566675e-01   3.4553111e-01   2.6690334e-01  -1.4256347e+00   1.0246352e+00  -1.0925315e-01   8.9039296e-01
   9.9330866e-01  -1.4043763e+00  -9.8642379e-01   1.3676759e-02   8.3221424e-01   4.3709654e-01  -7.7976853e-02  -5.0678992e-01  -3.1251541e-01   5.3573823e-01   3.7209892e-01  -5.5783298e-02   3.2075951e-01   9.0859100e-02   2.1502838e-01   5.0342858e-01   6.3542604e-01  -1.0689602e+00   1.9629416e+00  -4.3546396e-01  -2.5183761e-01   2.2746941e-01  -5.2897161e-01  -6.1676870e-03
  -1.9557562e+00  -7.5688481e-01  -3.1917867e-01   6.6801357e-01   4.9411359e-01  -3.9827898e-01  -9.4227538e-02  -2.0137098e-01  -7.4228156e-01   8.1558816e-02  -1.1934266e-02   3.0000266e-01  -2.5611609e-01   4.3524098e-01  -1.1627356e+00  -6.9163120e-01   5.2216247e-02  -5.2875352e-01   1.6172321e+00   1.5836708e-01   2.1700095e-01   2.3939019e-01  -7.3683470e-01   5.4640359e-01
   2.0192015e+00   5.0671112e-02   7.9710223e-03  -3.8624477e-01   9.5632827e-01  -1.3136727e-01   4.8935127e-02  -2.3629795e-01  -8.8423294e-01  -5.9659168e-02   7.2486475e-02  -6.6500425e-01  -3.9327268e-02  -4.3769410e-01   2.0493822e+00  -9.3838489e-01   6.5414868e-02   4.6158332e-02   6.9709890e-02   3.2226807e-01  -4.3816734e-02  -3.9448399e-02   8.5427649e-02  -3.8534033e-01
  -4.0088874e-01   1.4508462e-01  -8.8689685e-02   1.4542833e-01   1.9921795e+00  -6.1847663e-01   4.8856512e-01  -8.3352506e-01   5.2254997e-02   8.3581460e-01   3.3758193e-01   2.3940483e-01   3.6232385e-01   3.7480491e-01  -1.0457685e+00   5.2511060e-01  -1.4318272e-01  -6.3227916e-01   1.6434269e+00   5.8090371e-01   2.1924211e-01  -1.5976977e-01   4.6948802e-02   6.7555231e-01
