  -1.0250961e-02   2.1076035e-01  -2.9939018e-02   2.7317688e-01   4.2670342e-01   1.8401268e-01   4.9269557e-01   2.6766658e-01  -4.0901389e-02  -1.5422454e+00  -1.8260364e-01  -1.8050561e+00  -2.8075498e-01  -5.4930460e-01  -7.5080916e-02  -6.6442084e-01  -1.1053500e+00  -2.3061644e-01   9.2177284e-01   3.3855268e-01  -1.1586782e+00  -1.1329834e+00   9.9981242e-01   9.2268622e-01  -9.0180032e-02  -2.6359776e-01   7.2635628e-02   2.2558071e-01
  -2.8229326e-01   6.8562758e-01   6.2599087e-01  -1.9621238e-01   4.8030925e-01   2.2110376e-01  -9.4557807e-02  -4.3703052e-01  -1.6685673e+00  -4.7685102e-01   3.6148906e-01   1.4277290e+00   1.5037504e-01   3.8192150e-01  -2.4049021e-01  -3.5236485e-02  -5.1990497e-01   1.1190566e+00  -1.3986142e+00  -1.5490608e-01   6.3248229e-01  -1.0225983e+00   1.4135064e+00   3.8945526e-01  -8.9347012e-02  -1.1978835e-01   5.0905455e-02  -9.5670231e-02
  -9.2113391e-02  -3.6676577e-01  -5.0198174e-01  -1.7410505e-01   4.9679828e-01   3.3067518e-01   6.9330817e-01  -4.5802802e-01   1.3898896e+00   6.6583700e-02   9.1249663e-01  -1.4173150e+00   1.3232584e-01  -3.8159367e-01  -6.7758662e-01  -2.8195557e-01  -4.6890977e-01   1.0020577e+00  -4.3619776e-01  -6.9679612e-01  -8.0472285e-01  -1.2954159e+00   1.1739124e+00  -2.5386052e-02   6.3364124e-01  -6.7105508e-01   1.7445277e-01   7.4982631e-01
   1.0196172e+00  -4.9096975e-01  -3.1578848e-01   2.8725144e-01   1.2784494e+00   2.8059047e-01  -4.0699914e-01  -1.7020509e-03  -1.5753285e+00   3.9629540e-01   5.0590968e-01  -2.3625898e-01  -6.1256117e-01  -3.6228886e-01  -1.3769200e-01   1.3761772e-01  -2.6146036e-01   4.0114373e-01  -1.8136302e-01   1.2755625e+00   5.4864782e-01   5.2554101e-01   1.9329462e+00   6.8925309e-01   1.9967867e-01  -1.2088681e-01   4.0534511e-01  -5.1657069e-01
  -4.0340412e-02  -2.1213651e-01  -3.6988724e-02   1.1468265e-01   8.0794626e-01   1.3097133e-01  -3.4721494e-01  -2.7223879e-01   1.3166021e+00   7.5112951e-01  -5.3082520e-01  -7.6741815e-01   7.9273552e-01   1.2122164e+00  -2.2444284e-01  -8.4382188e-01  -3.1390393e-01  -3.0286714e-01  -8.4990159e-02  -6.7701846e-01   4.8951933e-01  -6.0614336e-01   1.2090908e+00  -7.1077079e-01   1.2757090e-01  -1.0364980e+00   7.0564765e-01  -1.4923404e+00
  -5.1188272e-01  -1.1270448e-01   3.9535117e-01  -9.9435061e-02   1.3595968e+00   9.2177761e-01  -1.1348490e+00  -1.7626387e-01   6.7181778e-01  -9.7566867e-01  -2.1591976e-01   7.8934306e-01  -7.5248569e-01  -1.6813309e-01  -1.0569168e+00  -9.0888835e-02  -5.8003139e-01   1.2294658e+00  -4.0516202e-04   1.8387061e+00   7.9127118e-02  -3.7831411e-01  -1.2020126e-01  -5.4309183e-01   3.2226995e-02   1.7572619e-01   9.5963106e-02   1.4280890e-01
  -1.3489689e+00   4.6002352e-01  -4.8437509e-01  -2.3324367e-01   1.5450658e+00   3.9018726e-01   3.7701362e-01   4.6692339e-01   1.2038867e+00  -1.8253496e-02   4.2601979e-01   2.4938186e-01   5.6688023e-01  -2.3631628e-01  -1.4869006e+00   1.2203008e-01  -4.6195647e-01   5.0178039e-01   1.4696383e+00  -9.4626623e-01  -3.3941826e-01  -6.2939331e-02   7.9424208e-01   3.7533471e-01   4.8654642e-02   1.2486330e-01   1.0842439e-02  -2.3302878e-01
   6.5754205e-01  -1.9634695e-01   1.3166453e-01   1.7459987e-01  -8.5266310e-01   3.8545591e-01  -1.9350447e-01  -2.8692585e-01   1.3570498e+00  -1.4916251e+00   7.5265414e-01   2.9374498e-01  -1.9160630e-01   8.6188173e-01  -5.3981346e-01  -3.1139973e-01  -6.0260993e-01   5.3769058e-01   1.5175231e+00   1.6021644e+00   6.0523555e-02   2.5966132e-01   5.8391452e-01  -3.5218886e-01   2.5743693e-01  -1.3335225e-01  -3.5361820e-01  -5.7569116e-01
  -2.4018045e-01  -1.1138922e-01  -8.2476296e-02   1.1294203e-01   5.9943837e-01   2.5049338e-01   1.9806223e-01  -3.5493436e-01   4.9108982e-01  -1.0731125e+00  -8.6308891e-01  -3.5812458e-01   1.5755699e+00   4.7561517e-01   2.2563431e-01  -1.2618173e+00   4.3659738e-01   2.9217640e-01  -2.6028529e-01   5.2161586e-01   3.2809910e-01  -7.7771509e-01   1.1819348e+00   2.9741451e-01  -1.1730479e+00   2.0481028e-01  -5.9437335e-01  -1.4561696e+00
  -2.5499818e-01   3.6681405e-01   6.3808165e-02   6.2913156e-01   1.0947542e+00  -1.9133228e-01   1.0188602e+00  -1.1168283e+00  -8.8246989e-01  -1.7306352e-01  -1.0976998e+00   6.4573973e-01  -2.1777761e-01   4.9974811e-01   3.8573556e-02   6.0258532e-01   1.2387071e-01  -1.1209084e+00   5.7750511e-01   5.6373823e-01  -1.1134200e+00  -1.0128827e+00   1.0771124e+00  -1.6290179e-01   7.1326965e-01   6.4286870e-01  -6.8617749e-01   1.3913256e-01
   1.0318945e-01   2.1084058e-01   3.6833096e-01  -4.7006633e-02   6.4307505e-01   3.6801672e-01   8.4791934e-01  -8.9541537e-01  -6.7921895e-01   9.6612775e-01   1.3449408e+00   1.2491601e+00   2.1526195e-02   1.1737292e-01  -4.1115409e-01   1.9105408e-02  -1.0798517e+00   6.7533888e-02  -4.6199742e-03  -6.5419310e-01  -1.4276625e+00  -6.2372428e-01   3.7126800e-01  -8.7064660e-01   3.6597681e-01   1.1203141e+00  -6.1782402e-01   3.1168324e-01
  -4.6512887e-01  -9.9545240e-01   2.7448440e-01   3.2034513e-02  -7.5997770e-01   1.4223118e+00  -2.0028307e-01  -2.8382179e-01  -1.5497968e+00  -8.5816324e-02   2.2402810e-01  -2.9720461e-01  -4.0469167e-01   4.5007980e-01  -2.0557489e-01  -1.9735350e-01  -5.2060163e-01  -1.8043154e-01  -1.4371564e+00   1.4630932e+00   1.8059598e-01   8.9117512e-03   4.7977352e-01  -7.6521397e-01   1.9174539e-01  -2.0873363e-01  -2.4195223e-01  -1.2259279e+00
  -6.4420611e-01   4.5413065e-01  -2.4063477e-01   6.7943498e-02   2.2038264e+00  -1.2061910e-01   5.8577991e-01   1.5305789e-01   4.1962898e-01   5.4873627e-01   3.0072017e-02   1.6519852e-01  -4.4424742e-01   4.2224866e-01  -1.7043822e-01   9.8208122e-02  -1.6220571e-01  -1.4858320e-01   2.8146318e-01   6.3029897e-01  -4.1201141e-01   5.9723195e-02   1.1256930e+00   4.6353737e-01  -1.6074015e-01   6.3794112e-01   1.4701134e+00  -1.5440990e+00
  -2.0026393e+00   8.4811515e-01   7.6951259e-01  -3.0845901e-01   1.1656501e-01   7.9956138e-01  -1.1853870e-02  -3.5331237e-01  -3.8875142e-01  -4.9184239e-01  -5.1744338e-02   1.4258626e-01  -9.0260714e-01   5.6872104e-04  -2.0635414e+00  -2.5091931e-01  -1.9366398e-01   4.5643377e-01  -6.0363233e-01   8.1128502e-01   3.8818848e-01  -6.0693949e-02   8.9152116e-01   2.6374953e-02   1.5335756e-02   9.5223270e-02   9.5523475e-03   1.5940078e-01
  -4.0000439e-02   6.6915803e-02  -5.5847779e-02   3.9667860e-01   1.4749056e-01   1.7387360e-01   5.2498120e-01   5.7847583e-01   2.5126898e-01   2.9326606e-01   1.1840032e+00   7.9094332e-01  -5.6419396e-01   7.2524771e-02  -1.8855001e+00   1.5868139e-01  -1.0073150e+00   7.0089090e-01   1.3521715e-01  -2.8336111e-01   1.0437479e+00   8.7428361e-02  -3.2448435e-01   7.8610197e-02   1.7743877e+00   8.4722126e-01  -6.3898629e-01  -5.6489784e-02
  -7.7776484e-02  -1.9895740e-01  -8.5913762e-02  -2.3494424e-02   2.2666659e+00  -2.7342206e-01   4.0991566e-01  -7.4712539e-01  -4.6531567e-01   9.0056509e-01   2.2259079e-01   3.3095789e-01   5.4447079e-01   3.1996557e-01  -1.6428320e+00   5.0382829e-01   3.6309764e-01   3.5861266e-01  -1.6240386e+00   8.8936333e-03  -1.1707538e-01  -1.8328777e-01   6.6604048e-01   1.8829201e-01   4.3675911e-02  -7.6289989e-02   5.6663699e-02   1.8483250e-01
  -7.8570855e-01   4.1115233e-01  -1.1677111e-01   1.2056719e+00   2.3471561e-01  -9.0798998e-01  -8.2683450e-01  -9.9620283e-01   6.6090631e-01   1.5050015e-01   6.6643006e-01  -7.0341074e-01  -6.0266656e-01  -4.4495392e-01   4.4602928e-01  -4.3851238e-01   6.1893028e-01  -1.5654411e+00   1.0231421e+00   7.4799234e-01   3.5383165e-01  -9.4947761e-01   6.4252347e-01   4.1255274e-01   5.0040460e-01   4.5016664e-01  -5.3048873e-01   2.3606561e-01
  -3.4732211e-01  -4.9877748e-01   5.4403495e-02   3.0691293e-01   4.7084030e-02   6.1436468e-01   1.6729307e-01  -3.5126367e-01  -1.7442063e+00   6.1609870e-01   9.0272868e-01   1.8374100e-01  -8.5720998e-01  -6.0325301e-01   6.1512757e-02   7.1100342e-01  -1.0150338e-01   3.4695742e-01  -5.4550207e-01   2.6163074e-01   5.9437484e-01  -9.7004831e-01   1.7670405e+00  -9.6238190e-01  -2.9781230e-02   5.5183947e-01  -5.4104435e-01   8.2832253e-01
  -4.8340935e-01  -6.2417474e-02   1.0101268e+00  -3.7515694e-01  -4.3462041e-01  -5.0635451e-01   1.4964151e+00   7.4457526e-01  -5.3017437e-01   7.0607573e-02   1.2863944e+00  -4.7888497e-01   8.8053054e-01  -9.1265053e-01   1.6831198e-01  -5.8054358e-01  -1.7705212e+00   3.7552392e-01  -6.5023351e-01   4.7698370e-01  -5.5237800e-01   8.2174486e-01  -1.2395934e-01   3.5812396e-01  -2.2108464e-01  -3.4316969e-01  -2.3896724e-02  -3.5270400e-02
   1.3595589e-01   7.4177068e-01   9.7341460e-01  -3.6776704e-01   9.2996734e-01   2.6652476e-01   2.8167939e-01  -1.3856306e+00  -5.0958645e-01  -6.4701182e-01  -9.5468992e-01   7.6426446e-01   2.2406021e-01  -3.3503652e-01  -2.8848982e-01  -2.8394744e-01  -7.6511729e-01   7.0422953e-01  -6.7238063e-01  -3.9089280e-01  -7.8062689e-01  -1.1370615e+00   6.5990722e-01  -6.9751203e-01   8.1584060e-01   1.0027143e+00  -5.1992333e-01   6.7918813e-01
  -4.0237284e-01  -9.0782881e-02  -2.0510852e-01  -7.5500891e-02   2.0596173e+00  -8.4407544e-01   1.0287855e+00  -2.0381780e-01   4.8436034e-01  -3.0578822e-01   2.4001746e-01  -7.2989866e-02   6.0434973e-01  -1.7108312e-01  -6.8003036e-02  -4.9314591e-01  -2.2952633e-01  -7.9812676e-02   5.0064319e-01   2.5708953e-01  -9.4874859e-01  -1.9606438e-01   1.7780213e+00   1.1716205e+00  -2.0544847e-02  -3.9332983e-01  -2.4280868e-01   7.9485047e-01
   2.2103973e-02  -7.0421405e-02   1.3905059e-01  -7.7653237e-02   1.4215995e-01  -1.0055643e-01   1.5514654e-01  -6.1535603e-01   7.4369296e-02  -2.1769115e-01  -1.8824536e-01  -9.7039872e-01  -1.0850008e-01  -5.5978101e-01  -1.9249882e+00  -1.2161984e+00  -2.3045804e-01   5.0070149e-01  -8.8517979e-02  -1.9781750e-01  -4.5068756e-01   1.0025830e-02   6.8226114e-02  -4.6246462e-02   2.3848636e+00   6.2576079e-01  -4.7586128e-01   3.6037204e-01
  -1.1481881e+00  -3.6817303e-01   3.5510567e-01  -1.1270263e+00   1.8208684e-01   1.4981639e-01  -1.1593379e-01   4.3227953e-01   1.2313199e+00  -3.7326592e-01   5.0546706e-01   3.8836442e-02  -1.4088238e+00  -6.3656592e-01  -8.7788326e-01   8.8286906e-01  -7.7519268e-01   1.4152437e-01   1.2025102e+00  -5.2493805e-01  -2.3751298e-01  -1.0536042e-01   1.0729951e-01  -1.5416373e-01   8.0794269e-01   3.2217637e-01  -1.0113484e+00   9.0364122e-01
  -8.4728086e-01  -3.8180944e-01  -1.8211283e-01   1.8439899e-01   2.1303675e+00   7.0131874e-01   3.8987124e-01  -4.1235340e-01  -8.0401736e-01  -3.8274682e-01  -1.7743446e-01   1.2736782e-01   2.7749807e-01  -2.8881407e-01   5.6796391e-02  -1.3206603e-01   3.0811682e-02   1.2971185e-01  -7.8211933e-01   1.9950628e-01  -5.2256335e-02  -1.5274388e-01   1.1107336e+00  -6.2270798e-02   3.2939649e-01  -1.8066088e-02  -5.9197772e-01   2.0743356e+00
   2.9731503e-01   1.4333202e-02   9.9555409e-01   1.7624841e+00   1.6041671e-01  -2.0294265e-01   1.4400401e+00   1.5761264e-02   7.0533961e-02  -4.2096741e-02   6.1074364e-01   2.8242326e-01  -1.3247478e-02  -4.3301389e-02  -9.8980270e-02   6.0903288e-02  -8.9078873e-02  -6.7461878e-01  -8.4591761e-02   1.3502295e-01  -5.8135408e-01  -2.4231821e-01   8.6061485e-02   9.9841364e-02   2.3932149e+00  -4.9846569e-01  -4.4273445e-01  -3.5143229e-01
   7.7341539e-01  -3.8050503e-01   3.6467868e-01  -5.4786497e-01   1.9578925e+00   1.2063141e-01   1.2985632e+00  -5.9220952e-01   3.6878206e-02   1.9296291e-01   1.2394859e-01   1.2560226e-01  -1.5532748e-01  -4.6085450e-01  -3.1898043e-01  -3.2939732e-01   3.1427950e-01   5.4872108e-01  -8.3790869e-01  -2.4292226e-01  -6.0599816e-01   6.9263913e-02   6.8005413e-01  -5.5855352e-01   3.4392828e-01   1.1152834e+00  -1.3618178e+00  -9.4782877e-01
  -3.9656833e-01  -7.8008711e-01  -2.9043806e-01  -1.8711455e-01   1.8198601e+00  -3.8289636e-01   4.6638787e-01  -4.7709671e-01   8.1691718e-01  -4.7271445e-01   1.8214776e-01  -2.6635477e-01  -6.7590433e-01   6.8816984e-01  -1.8465929e-01   2.2899243e-01  -4.0358149e-02  -2.6740432e-03   5.7527073e-02   8.7891817e-03  -4.0043920e-01  -4.7462970e-01   1.4227818e+00   3.6950120e-01   5.4901493e-01   5.1554054e-01  -1.9855900e+00  -3.7153929e-01
   2.6250589e-01  -1.7029855e+00   1.3060356e+00  -3.7113103e-01   8.0092829e-01  -1.9520001e-01   4.2122555e-01   5.6914115e-01  -5.4095471e-01  -3.9945456e-01   2.4230184e-01  -5.8823705e-01   7.3267949e-01  -3.7782663e-01  -9.7085154e-01  -1.5623870e-01   5.4579425e-01  -1.2427630e+00  -1.5483232e+00   6.5255255e-01  -3.2538900e-01  -1.2324917e-01   1.3955325e-01   3.8603091e-01   4.1951540e-01   2.8312761e-01  -7.9396270e-02  -5.3437448e-01
  -9.0984267e-01  -1.0251471e+00   1.7103157e+00   9.7299379e-01   3.9202285e-01  -2.4105060e-01  -3.2345185e-01   5.2758610e-01   2.0801476e-01   3.2332358e-01  -2.8687540e-01  -3.0224207e-01  -1.7412205e+00   9.1011101e-01  -8.6013055e-01   1.1904783e+00  -1.8991020e-01  -7.3352307e-01  -3.2419577e-01  -3.9461437e-01   4.5897609e-01   3.3646855e-01   3.8468719e-01   7.4548475e-02  -7.2492473e-03  -5.8892746e-02  -7.7157668e-03   1.0794325e-04
  -1.2158896e+00  -4.2158566e-02  -9.3400693e-01   1.0772114e+00   1.0476389e+00  -3.4499702e-01   5.6361514e-01  -1.1978614e+00   2.1275209e-01  -2.9293906e-02   2.4725017e-01  -2.2598524e-01  -7.4790609e-01   1.3353251e-01  -4.4707444e-02  -6.0157514e-01   1.0553148e+00   4.6764171e-01  -8.7705839e-01   4.9837339e-01  -7.2627020e-01  -1.3315200e+00   1.2858591e+00   2.0321316e-01  -4.0413611e-02   2.1336338e-01  -8.8469416e-02  -1.3585532e-01
  -2.0825687e-01   1.8363223e+00   4.9155474e-01   1.4376513e+00   3.8768753e-01  -3.3039933e-01   1.5858936e-01  -4.2422101e-01   6.3611448e-01  -7.1155436e-02   4.3337765e-01  -2.7822155e-01  -7.9175636e-02  -5.2793902e-01   4.0307003e-01   3.7307355e-01  -6.3358390e-01   1.2199830e-02   6.7731202e-01  -4.8340717e-01  -1.3478947e+00  -3.2323658e-01   1.6009649e+00  -4.4673321e-01   5.3985655e-01  -1.2675340e-01  -5.2325475e-01   4.3664300e-01
  -5.7072264e-01  -5.2419710e-01   1.7502877e+00   5.9198684e-01   2.1307744e-01   5.9285814e-01  -9.8985398e-01  -9.7439957e-01  -1.3546441e-01   2.0744752e-02   5.4771256e-01   7.4600220e-02  -2.1918373e+00   5.8069840e-02  -9.8889118e-01   2.7864745e-01  -7.6896602e-01  -3.2221869e-01  -3.9812690e-01  -4.6055295e-02  -3.5621741e-01  -5.8398634e-01  -2.6332730e-01  -2.4881601e-01  -3.7566088e-03  -1.1501604e-01  -4.9666774e-02  -3.6501873e-02
   5.3275585e-01  -2.0868261e-01   7.9897963e-02  -5.3303208e-02   2.1642923e+00   7.4714011e-01   6.3406760e-01   4.0909801e-02  -6.4550430e-02  -9.0279901e-01  -2.3738854e-02  -2.9304147e-01  -2.1667041e-01   3.2821238e-02   1.1424811e+00  -3.3116188e-02  -5.2241999e-01  -2.6473013e-01   1.9055593e+00   4.5013475e-01  -4.0639248e-01  -3.2620903e-02   1.0425843e+00  -8.5213274e-02  -7.1785517e-02   2.2051875e-01   9.3632219e-03  -5.1590210e-01
   1.9743693e+00   7.8095615e-01  -1.2011877e-01   9.6755213e-01   5.3618807e-01  -6.6099800e-02   5.9455521e-02   2.7510488e-01  -4.5991677e-01  -6.4517295e-01   1.1073038e-01  -3.0945817e-01   1.1309282e-01   2.2695071e-01   2.0793468e-01  -4.1526344e-01   5.1128125e-01  -5.3539146e-02  -5.2088124e-01  -7.6338851e-01  -6.3555151e-01   6.5725654e-01   1.7397302e+00   3.0153400e-01  -5.1131183e-01   3.8263872e-01   1.2407824e+00   3.6781484e-01
   9.8506093e-01  -1.8887551e+00   2.1026398e-01  -5.8213323e-01   9.9584293e-01  -8.2502347e-01   1.9462022e-01  -2.6013815e-01   6.1532694e-01   1.5196343e-01   2.6805478e-01  -1.6986452e-01  -4.9219537e-01  -1.3764817e-01   1.7085871e+00   9.8423076e-01  -2.6694983e-02   3.0150837e-01   4.0048587e-01  -1.2236909e+00  -1.5913835e-01   7.8395680e-02   8.8324124e-01  -2.5158024e-01  -5.5207308e-02   2.8821619e-02   1.2210917e-02  -1.4597581e-01
  -1.6023377e-01   8.6344075e-01   3.0367813e-01   4.4812173e-02   1.9903753e+00   1.1610351e+00   4.0315855e-01  -7.6154649e-01  -2.8137466e-02  -2.0198563e-01  -1.1790152e-01  -1.6007416e-02  -7.9308641e-01  -1.9754690e-01   1.1907583e-02  -2.2522287e+00   3.8838649e-01   1.5043636e-01  -1.9875796e-01   9.2413205e-01  -9.3395941e-02  -1.5909298e-01   3.6782578e-01  -2.0025870e-01   1.1186979e-02  -4.4327896e-02  -8.0848269e-02   3.1434372e-02
  -1.2281262e+00  -1.3660469e+00   1.0373911e+00  -3.5701382e-01   8.5980171e-01  -6.0926622e-01   1.4008829e-01   6.2964827e-01   4.9100873e-01  -5.4790908e-01   2.0942630e-01   4.7592542e-01   6.0839269e-02  -1.2571900e-01   3.7178766e-02   7.3651895e-02  -3.7754845e-02   1.2959202e-01   1.9535768e-01   2.3542868e-01   2.6659104e-01   3.9589113e-01   8.1024915e-01  -1.3025807e-01   2.9346287e-01   1.2736628e+00   1.9612111e+00   6.9978344e-01
  -1.2707861e-01   1.2555676e+00   2.3605873e-01   5.5919164e-01   1.8167458e+00   2.5561124e-03   8.3830732e-01  -4.2516455e-01  -5.4812759e-01   8.0369776e-01  -6.1737195e-02   4.2442665e-01   4.0776819e-02  -3.0639687e-01   7.7997118e-02   6.8648374e-01   7.2667055e-02   2.4453290e-01  -3.4834993e-01  -3.7615207e-01  -9.2087913e-01  -3.2084930e-01   2.0874090e+00  -4.5146844e-01  -1.8030660e-01  -1.2792335e-01   5.0741279e-01   7.3203899e-02
  -3.0146572e-01   1.9109796e+00  -1.1032127e-02  -4.1624248e-01   1.5711174e+00  -4.0353760e-01  -3.4653848e-01   7.0930645e-02  -2.1900858e-01  -6.3031888e-01   6.1434623e-02   1.4883789e-01   7.8717442e-03  -4.9387529e-02   4.9964942e-02   9.1671713e-02   5.9943754e-02   2.8485063e-01   1.0138247e+00   1.2710241e+00   2.3652695e-01   1.0333594e-01   1.6463795e+00   4.5053449e-02   1.3118653e-01   9.8433115e-02   1.0135078e+00   5.3060114e-01
   2.2223681e-01  -3.8641095e-01   2.1865895e-02  -6.8954654e-02   1.0978618e+00  -1.2501457e+00   2.5006827e-02  -3.5534376e-01  -1.5932156e+00   8.6382180e-01  -4.7437105e-02   3.7496629e-01   7.1282965e-01  -1.8596566e-01   2.9899316e-02  -1.6511613e-01   9.1223568e-03   8.5516907e-02  -3.2673079e-01  -4.2718107e-01  -2.0253982e-02  -1.2932841e-01   5.5408961e-01   3.6913684e-01  -1.6127829e-01  -3.9415121e-01   2.4419696e+00  -3.3694543e-02
   6.0826999e-01  -3.3730090e-02   7.1864349e-01  -1.4038850e-02   1.2312368e+00  -6.2840694e-01   1.3050174e+00  -6.4793634e-01   5.2475548e-01  -5.0165361e-01   7.2872257e-01  -4.2697328e-01   4.1728717e-01   4.0729579e-01   9.2253096e-02  -6.1966266e-02   2.0040867e-01   7.3101830e-01  -4.8367617e-01  -5.6204236e-01  -1.6791309e+00  -5.7302260e-01   1.7155033e+00  -2.3969747e-05  -6.2469017e-02   3.5312584e-01  -5.8786541e-02  -3.7219161e-01
   9.6259397e-01   8.5270941e-01  -2.6742837e-01  -5.5020547e-01   1.6298814e+00   5.9307683e-01  -5.1728415e-01  -6.3018179e-01  -9.1498160e-01   2.8912494e-01   5.1179534e-01   1.0763156e-01   1.4876968e-01   3.8751712e-01  -3.4278233e-02   2.1282932e-01  -6.5630388e-01  -7.6769757e-01  -5.9650964e-01  -2.1485174e+00  -1.4496166e-01  -3.1141660e-01   1.7765810e-01  -5.9016156e-01  -3.0063441e-02  -3.2552370e-01   2.8291065e-01  -4.5739606e-01
   2.0714235e+00  -4.2787650e-01   1.1518356e+00   3.5960838e-02   2.8336948e-01  -1.8898056e-01   1.8377481e-01  -6.3062727e-02   6.7610013e-01  -2.3482977e-01   5.2748841e-01  -1.2754545e-01  -3.8083139e-01   6.6318506e-01   1.0072013e+00  -8.5198414e-01  -3.0311993e-01  -7.6475751e-01   1.2688071e-01   1.4052852e+00  -6.9080150e-01  -2.6631385e-01   8.8386232e-01   7.8576857e-01  -2.3042059e-01   1.8722227e-01   4.4079256e-01  -1.2457875e-01
   2.0649774e-01  -4.6428736e-02   8.6969413e-02  -4.7549020e-02   7.6803255e-01  -6.7004725e-02   3.6689520e-01  -1.7336957e-01  -8.3149958e-01   8.6647892e-01  -2.3989582e-01   5.6744909e-01   7.9919374e-01   1.6736754e+00   8.0395281e-01   6.0565138e-01  -1.8088046e-02   7.1744271e-02  -1.1098083e-01  -1.8762112e-01  -8.1863636e-01  -5.6425196e-01   1.8713073e+00   1.2341952e-01  -2.4477273e-01   6.5178806e-01  -4.1726658e-01  -1.3015956e+00
  -2.0046592e-01   2.3863257e-01  -2.1981679e-01   9.9176466e-01  -2.7003232e-02  -8.6767234e-02  -1.8413597e-01  -2.0939749e-01   2.2384657e-01  -7.5435477e-01  -7.3877937e-01  -2.0517769e+00   4.8522964e-01   5.5089098e-01   3.5426694e-01  -2.6320070e-01   1.4120095e+00  -1.5045270e+00  -4.1599065e-01   7.0713782e-01   4.5349121e-01  -4.7458196e-01  -1.3990369e-01   2.2965755e-01  -4.9821883e-01  -8.9445341e-01   3.3180049e-01   2.9063386e-01
  -2.8425029e-01  -6.0513151e-01  -2.0351224e-01   8.2836978e-02   1.4785212e+00   3.1616211e-02  -3.2605257e-02  -4.1103309e-01  -2.5017783e-01  -1.5272642e+00  -4.5821652e-01   8.4664598e-02  -9.1735971e-01  -7.6418138e-01  -5.6051552e-02   3.3910450e-01   3.3139318e-01   1.0880427e-02  -3.3104208e-01   8.3903861e-01  -4.3646234e-01  -2.9363811e-01   1.2520303e+00  -1.3699877e+00  -3.9821494e-01   1.0386917e-02  -2.3834747e-01  -1.4600050e+00
  -1.5544038e-01  -1.2800447e+00   1.1135875e+00   2.1807435e-01   1.1406382e+00   8.0939913e-01  -9.3987507e-01   7.3405212e-01  -1.3347061e-03  -5.9195548e-01   4.9777320e-01   1.1685404e-01  -1.8544643e-01   4.6462059e-01  -1.6062222e-01   3.5752985e-01   7.0897919e-01   1.3131662e-01   1.7199855e-01  -8.1203759e-01   1.0736142e+00   8.0412471e-01   1.0415610e+00  -1.2227114e+00   5.8706135e-01  -3.4156281e-01  -3.8755396e-01  -6.7531353e-01
   5.7315409e-01   3.6046568e-01   3.2571083e-01   9.1361064e-01   7.9311436e-01  -4.1006145e-01   1.1799095e+00   3.5280916e-01  -1.1803230e-01  -8.6546338e-01   7.5871021e-01  -1.1067846e+00  -1.2116038e+00   3.8619485e-01   9.3342406e-01   1.4399095e-01  -8.6193937e-01  -1.5701493e+00  -1.3506821e-02   1.3183584e+00   1.5459716e-01   1.0777917e-01  -1.4183047e-01  -1.2458316e-01   3.4309310e-01  -5.2463643e-02  -2.6524246e-01  -7.5493440e-02
   1.7962390e+00  -4.9194507e-02  -4.2645279e-01   2.6097736e-01   1.6542330e+00  -6.9890104e-02  -3.6517319e-01   2.1535322e-01  -1.8732856e-01  -3.8053054e-01  -4.4469642e-03   1.2292404e-01   7.3844470e-02   5.0489217e-01   1.1848077e+00   5.2211612e-01  -4.3783310e-01   1.4229113e-01  -5.1171416e-01   1.2357237e+00   3.8506314e-01   4.4072357e-01   1.7022566e+00  -2.6726834e-02  -1.8672664e-01  -1.2102924e-02  -2.7934578e-01   3.3690533e-01
   2.5178170e-01  -2.5519425e-01   7.1262471e-02  -6.6061646e-02   7.0280135e-01  -4.7400782e-01   1.6474457e-01  -1.3493799e-01  -1.9698393e-01   1.5759161e+00  -1.2694762e-02   2.6259169e-01  -1.5665026e+00  -8.3130664e-01  -2.7229747e-01  -1.1922508e-01  -8.1080750e-02   2.4258028e-01   2.9017314e-01  -6.2738907e-01  -3.6993212e-01  -6.3010246e-02   1.2734755e+00  -1.0692131e-01   1.9157633e-01  -4.9255642e-01   3.2066818e-02   2.1623399e+00
   2.2526677e-03  -6.7725784e-01   1.2623474e-01   1.2514767e-03  -1.9407429e-01  -7.5591367e-01   1.6254784e-01   2.6746137e-02   1.7787309e+00  -1.0389470e+00   1.3271736e-02   4.3245038e-01   2.7662829e-01  -1.1388375e+00   2.1205689e-01   3.2774654e-01  -2.2523636e-01  -1.0146591e-01   3.8708320e-01   5.8494520e-01  -2.1940202e-01   3.2964641e-01   1.7939353e+00  -4.3378606e-01  -2.5831950e-01  -1.7583676e-01  -8.5349539e-03   1.6489118e+00
   4.6098478e-02  -1.5270735e+00  -2.3403139e-01  -2.2305489e-01   1.9518855e+00  -4.4893199e-01   1.6689803e-01  -3.5711455e-01  -5.2191705e-01   2.3622173e-01   7.6735597e-03   1.5821236e-01  -2.5822943e-01   1.6253924e-01   8.6967367e-01  -6.4848977e-01  -1.0077738e-01   1.1470266e-01  -2.2456479e-01  -6.9573933e-01  -2.8872269e-01  -3.2265681e-01   2.1040576e+00   4.3913469e-02   1.3025306e-01  -7.4002437e-02  -1.7701636e-01   7.3710591e-01
   3.0164957e-01   1.5512781e-01   1.1311765e-01   5.8432449e-02  -1.0435666e-01   6.2378359e-01  -7.8570269e-02   2.3666170e-01   1.4087094e+00  -1.3668399e-01   5.5177397e-01  -2.7009189e-02  -8.9869952e-01  -1.7083908e+00  -2.9551515e-01  -6.8605196e-01  -1.4964613e-01   1.0713568e-01   9.7042596e-01  -2.3473439e-01  -5.3162420e-01  -9.8937690e-02   1.3481772e+00   4.1632885e-01  -4.1862437e-01  -5.0399446e-01   9.1913486e-01   1.4919385e+00
   3.4488980e-02  -3.3115321e-01  -2.5939083e-01  -4.7328773e-01   5.7012659e-01  -5.0556473e-02   7.2202390e-01  -5.7902443e-01  -6.1440438e-01  -9.9900466e-01  -1.5228639e+00  -8.5859847e-01   3.6563841e-01  -2.3759291e-01   3.2279277e-01  -5.2870536e-01   6.3435864e-01  -2.3680741e-01  -3.0129713e-01   4.0291977e-01  -1.6672633e+00  -7.9978138e-01   1.2451335e+00  -1.1022714e-01  -3.1392786e-01  -1.0096762e+00   5.6336600e-01   5.2828425e-01
  -3.1297203e-02  -1.3840766e-01   2.4972381e-02   1.0363908e-02   1.0870442e+00   4.5930229e-02  -1.8959846e-01  -5.6784417e-02   3.3168349e-01   1.6572812e+00   3.5025720e-02  -4.3908998e-01   6.2711596e-01  -1.5019506e+00  -2.1858205e-01   2.6213884e-01   5.7618000e-02   7.8698192e-03   2.5124711e-01   3.3743936e-01   3.7952954e-01  -2.1677300e-01   2.0838931e+00  -1.4358336e-01   1.8997727e-01  -2.4465750e-01   1.3930956e+00  -4.1066092e-01
   8.5278422e-01  -4.2264666e-02  -2.8981727e-01  -5.1733124e-01   7.5117284e-01   1.2551463e+00   5.4687071e-01  -9.2221391e-01  -5.7286417e-01   8.9062363e-01   8.1403154e-01  -1.1223793e-02   2.4443258e-01  -6.3403010e-01   9.5920181e-01  -1.4513165e-01  -7.6697133e-02   1.4313921e+00  -1.5827780e+00   7.8008366e-01   1.1938167e-01  -6.4906722e-01   7.5585586e-01  -2.5527313e-01   2.1448036e-01  -1.0902838e-01   2.8630885e-01   2.5050309e-01
   2.8093773e-01   4.8812393e-02   4.4953182e-01   6.5019861e-02   1.1229212e+00  -1.0740412e+00   1.0461935e+00  -1.1037170e+00   7.5928879e-01  -2.8837493e-01   7.4454278e-01  -4.7543487e-01  -5.8858496e-01  -3.5524714e-01  -3.7223849e-01   1.2326796e-01  -1.5098473e+00   3.1733242e-01   1.5819622e+00  -1.8594068e-01  -5.3405041e-01  -4.9497679e-01   3.8598818e-01   5.7737762e-01   6.7618436e-01   6.3915431e-02  -7.2519320e-01  -3.7524596e-02
   6.9688243e-01   3.2600889e-01  -3.0881456e-01  -2.0377898e-01  -5.3247713e-02   7.2343238e-02   5.9255462e-02  -4.1585062e-02  -4.5354110e-01  -2.0960181e+00   1.2578052e-01   1.0230731e+00  -7.5044841e-01   3.7438649e-01   4.9354514e-01  -1.8851063e-01  -1.0447057e-01   4.7223878e-01  -1.1453434e+00   5.4247230e-01   3.7475502e-01  -3.7472039e-01   1.2081938e+00  -6.8527862e-02  -6.8824553e-01   3.3047345e-01  -1.5572118e+00  -1.4429297e-01
   1.0506139e-01   1.4328763e-01   1.0030352e+00  -1.9316722e-01   5.0178558e-02   9.2606373e-02   4.8570183e-01  -1.2002543e-01   2.3370945e-01   5.4810959e-01   1.9872438e+00  -1.1360509e+00  -1.1803617e+00   3.6848089e-01   2.5512770e-02  -2.9026285e-01  -1.7988560e+00   9.1282988e-01  -2.2831624e-02  -5.6399900e-01  -4.7828847e-01  -7.8804380e-01   1.8648556e-01  -5.6052964e-02  -3.6558104e-01   1.4386691e-01  -1.3748416e-01  -7.8766987e-02
  -7.8287974e-02   6.8047740e-02   5.7787944e-02   7.7226274e-02   5.3064311e-01  -3.8047013e-01  -5.0781745e-01  -2.1660195e-01  -8.3668667e-01   9.1949236e-01   1.1675104e+00   1.1520722e-01  -1.1459136e+00   7.5950271e-01   1.3336468e+00   4.9561158e-01  -9.4815153e-01   2.1194255e-01  -1.0967474e+00  -3.6842617e-01  -1.3578051e-01   2.4247631e-01  -2.1902186e-01   1.8126911e-01  -1.4450365e+00   1.3473989e-01  -1.1181567e+00  -7.8460664e-01
  -1.9694570e-01   1.0313475e-02  -6.3580863e-02  -2.5179844e-02   4.3393940e-01   4.6713111e-01   1.1884539e-01   1.9232540e-01   1.7981409e+00  -8.5054636e-01   6.6596317e-01  -1.5018792e-01  -1.1267161e+00   6.3434726e-01  -3.4403798e-01   2.1999143e-02  -8.0671795e-02  -1.7643382e-01   2.1082382e-01   2.4812524e-01  -9.3145305e-01   6.5655209e-02   2.4614203e+00  -8.6935289e-02   1.1791118e-01   5.0107334e-02  -3.7817225e-01  -2.1006383e-01
  -1.5982100e-01  -5.9357011e-01  -4.9505565e-01  -2.4531065e-01   8.6441684e-01   3.9792588e-01   9.6669436e-01  -4.6077952e-01  -1.2530742e+00   3.9341617e-02  -9.7383630e-01   1.0386313e+00  -3.7737128e-01  -1.9375874e-01   4.0688267e-01   4.5138589e-01   2.7416345e-01   1.5210502e+00  -1.1939759e+00  -7.2802156e-01  -1.2171000e+00  -1.9087252e-01   8.1594753e-01  -7.0331246e-01  -1.3340738e-01   2.0138112e-01  -7.2457217e-02  -1.7392303e-01
  -1.8031897e-01   7.3699936e-02  -6.5694991e-03  -1.1673727e-02   1.4265372e+00  -2.0481440e-01   1.8971937e-02  -2.1080554e-01   2.1777687e+00  -1.0799924e-01   6.3368320e-02  -2.6569831e-01   1.6694557e-02   3.3848426e-01   2.6183751e-01   2.9319772e-01   8.8426553e-02  -5.8879647e-02   9.8154211e-01   1.9626662e+00  -4.3945163e-02  -4.2502090e-02   1.1489153e+00  -6.7157543e-01   1.0696907e-03  -2.9680878e-02   1.2667647e-02   3.7312526e-01
  -1.5432241e+00  -9.3453735e-01   1.3877757e+00  -1.9813605e-01   5.8999956e-01   1.3862896e-01  -4.2968458e-01   1.2686114e-01  -3.4510642e-01  -6.4987403e-01   3.7947053e-01   3.2381281e-01  -4.9047336e-01  -8.1135081e-03  -1.7013439e-03   4.7335571e-01  -6.9695425e-01  -1.3498982e+00  -1.9263781e+00   2.5576709e-02   2.7978453e-01   1.3199112e-01   4.2395839e-01  -2.9230651e-01  -4.3809888e-01   1.0747883e-02  -3.2311031e-01   5.2915627e-01
