   7.6779824e-01   8.9465117e-01  -2.5523221e-01  -2.5596809e-01   1.4566861e+00  -8.0967849e-01  -4.7459573e-01   3.5071257e-01   1.5918133e+00  -4.9457309e-01  -5.6713581e-01   2.5729609e-01   5.5604154e-01   3.4694326e-01  -2.4358387e-01  -1.9683385e-01   1.0548033e-02  -1.2729464e-01  -2.0339191e-01  -2.8076211e-01   1.5520199e-01  -2.5986321e-02   3.3055303e-01  -5.2592033e-01   6.2222999e-01   3.3622903e-01   2.3896432e+00  -7.2737202e-02   1.9621164e-01   2.1154030e-01   9.0049964e-01   5.0369699e-02
   3.2550383e-01  -3.8459310e-01  -6.4339298e-01   1.4366136e-01   5.5259250e-02   2.5509119e-01   1.8393430e-01  -2.5488651e-01   1.3956251e+00  -9.8804736e-01  -2.0235684e+00  -3.8771331e-01   3.7504545e-01   1.5261514e-01  -1.3959275e-01  -6.7217284e-01   7.2051334e-01  -6.7623532e-01   8.5881597e-01  -5.4186393e-02   8.5690373e-01  -1.2554171e+00   1.1169430e+00  -1.8325113e-01  -2.2632122e-01   1.0750964e+00  -7.2366768e-01   3.9210457e-01  -1.0083397e-01  -2.9332802e-01   1.5953642e-01  -1.6005629e-01
   1.2791259e+00  -3.5222113e-01   4.1330168e-01   7.8261727e-01   8.2615918e-01   3.8462859e-01  -1.0202501e-01   5.5173576e-01   1.0767800e+00   6.5944737e-01  -5.6403929e-01   3.6691394e-01   8.3153278e-01  -3.2541841e-01  -6.0694814e-01  -1.7352964e-01   3.7158147e-01   9.4097096e-01   1.4940379e+00  -6.7231876e-01   1.8227151e-01  -2.3454488e-03   3.1345427e-01  -8.2364436e-03  -4.0502161e-01  -6.9134396e-01   2.4707395e-01  -1.1348339e+00   3.2432678e-01  -1.1016873e+00   1.3302498e+00  -3.8686705e-01
   1.0795470e+00  -8.0796137e-02  -7.2773790e-01  -9.0014523e-01  -6.2959033e-01   2.9035690e-01   5.9297192e-01   3.4557649e-01   7.5343943e-01  -7.2121662e-01  -7.8154874e-01   6.5736169e-01   7.1827424e-01  -5.5757772e-02  -1.7858003e-01   6.6830122e-01  -3.1967819e-01  -1.4993000e+00   1.0364507e+00  -9.9532694e-01   5.1714396e-01  -7.2177820e-02   2.7987492e-01  -2.6038465e-01  -7.1730381e-01  -2.9516125e-01  -6.2118965e-01   7.2733331e-01  -3.3602452e-01   1.1845706e+00   1.1919041e+00   3.4795985e-01
   7.0063317e-01  -4.4371280e-01  -6.2613077e-02  -3.0743784e-01   2.2538638e+00  -3.9329320e-01   2.2512920e-01  -8.0544448e-01   4.3907082e-01  -6.4332902e-01  -1.3718863e-01  -2.7005315e-01   7.4202502e-01  -3.6585411e-01   1.5519109e-02  -3.3539617e-01   3.4839195e-01   1.3047014e-01  -6.7064244e-01   8.1583273e-01   4.5711362e-01  -6.2317640e-01   1.2647744e+00   1.9179661e+00  -1.2740353e-01  -1.5439747e-01   5.8968455e-01  -4.5861250e-01   9.2951441e-03  -1.0337877e-01   2.1436359e-01   7.6710293e-03
   4.1528732e-01   9.3341792e-01   1.2934142e+00   8.7087482e-02  -6.2360913e-01  -4.1189715e-01  -9.2507792e-01   5.1266921e-01   7.3121823e-02  -6.4868607e-02  -1.8444900e-01   9.2127609e-01   1.1907345e+00   4.2196548e-01  -1.1287242e+00   1.0178069e+00   4.8708513e-01   7.5911808e-01  -4.9407154e-01  -7.3600602e-03   6.8739212e-01   1.2293018e+00   6.6275942e-01   2.6410928e-02   2.6500618e-01   5.2483487e-01   5.1506925e-01   1.4242232e-01   1.1065376e+00   6.5188432e-01   8.9091957e-01  -4.9472168e-01
   1.6508329e+00  -4.6747167e-02   4.8966551e-01   9.2282504e-01   2.6975772e-01  -9.3917646e-02   1.0251112e-01   1.3503253e-01  -2.0815319e-01  -1.0716287e+00  -5.0829130e-01  -3.5282079e-02   3.5065907e-01  -9.5989138e-01  -1.2925590e+00  -7.8159288e-02   1.8246043e-01  -5.8404404e-01  -4.3802351e-01   1.1831768e+00  -2.7282917e-01  -7.0455074e-01   1.0166746e+00  -3.3683532e-01  -4.3460882e-01  -5.6154400e-01   5.5489236e-01  -5.9083915e-01   1.2058711e+00  -2.2658277e-01   3.4985381e-01   1.1938200e+00
   7.3483670e-01  -2.6719314e-01   5.2462637e-01  -4.6013358e-01   5.5645496e-01  -1.4931101e+00   3.5781618e-02  -1.2647810e+00  -1.0365679e-01   1.0044689e-01  -1.0351866e-01   2.2529604e-01   5.5348718e-01   9.3265826e-01  -8.6980814e-01  -3.0434629e-01   8.6248171e-01   7.5892192e-01  -1.3228110e+00  -6.2267125e-01   2.7721325e-01   1.9212009e-01   4.8456037e-01  -6.4429241e-01  -7.9290283e-01  -2.8902140e-01  -8.2925427e-01   2.7056238e-01   1.1648161e+00   3.8723242e-01   1.1820145e+00  -2.3651813e-01
  -2.1626420e-01  -7.5563920e-01   3.5371208e-01  -2.9836270e-01   1.8214164e+00   2.0642041e-01   3.3430129e-01   1.0876054e+00  -1.8939774e-01  -1.3029810e+00   7.0413232e-01  -3.7025464e-01  -3.1447950e-01  -2.7475822e-01   1.2075425e-01  -2.0576237e-01  -1.7058878e-01  -1.0299222e+00  -1.3924603e+00   1.0549475e+00   3.5845473e-01   7.4128610e-01   8.1411630e-01  -1.0461668e+00  -2.5008073e-01   5.2249604e-01   9.8544407e-01   4.7218148e-02  -9.8597981e-02  -3.0869726e-02   8.0223955e-02   1.1197393e-01
   8.6054212e-01   4.5031804e-01   1.6082464e-02  -1.0453436e+00  -8.1924707e-02  -8.5882878e-01  -9.9603879e-01   6.7141014e-01   5.5939567e-01   4.2790174e-01  -1.7221843e-01  -4.4607711e-01   3.0908850e-01   1.2276464e+00  -1.3827196e+00   6.9623601e-01  -4.1000448e-02  -8.6326683e-01   8.3709759e-01  -6.2020355e-01   9.5226419e-01   6.6957283e-01   7.1093607e-01  -3.6069551e-01   3.0775887e-01  -5.1310998e-01  -4.7411016e-01  -9.2673311e-03   9.1960901e-01   9.5288134e-01   3.3096075e-01  -8.8515228e-01
   1.0393897e+00  -3.0282593e-01   5.7514000e-01  -1.3207340e+00   3.2430333e-01  -4.3548864e-01  -2.4646543e-01  -9.2868888e-01   2.1207137e-01  -1.0223153e-01  -9.7824171e-02  -1.1218129e+00   5.8190489e-01  -1.9192533e-01  -1.0680201e+00   8.4312594e-01  -1.1322899e+00  -3.5579365e-01   7.6025927e-01  -3.4073058e-01   6.2865680e-01   1.1552558e+00   1.5858054e-01   1.0323926e-01  -7.4420351e-01   5.4703844e-01   4.7770361e-03   4.7819337e-01   1.2582440e+00   7.2629631e-01   9.1779888e-01  -2.8488794e-01
   3.5011661e-03  -2.3048531e-02  -5.5480983e-02   8.7027721e-02  -1.1352864e-01  -3.5917196e-01   1.7172120e+00  -1.4245076e+00  -5.1473945e-02  -1.0838254e-01   7.6238126e-01  -3.5342115e-01  -8.0157965e-02   2.1403843e-01  -1.2325937e+00  -3.0973333e-01   3.1151822e-01   2.4788862e-01   1.0467792e-02  -1.5503968e-01  -1.6908969e+00   7.7771044e-01   5.1862282e-01   1.9156088e-01   1.2037929e+00  -1.5263805e+00  -5.5892885e-01   7.3632412e-02  -1.3885246e-01  -6.0847032e-01  -1.0365545e-01   1.7769584e-01
  -6.8908736e-02  -5.8413558e-02   4.3657143e-02  -1.9188872e-02   6.1917484e-01   1.6987661e+00  -9.2021829e-01   5.4081613e-01  -2.3053448e-01  -1.3430427e+00   7.3197508e-01  -2.3258144e-01   1.0936107e-01   5.4907972e-01  -2.5218329e-01   9.7712949e-02   1.5146664e-02  -6.8249248e-02   5.5805784e-02  -3.9085496e-02   4.2828611e-01  -3.6235368e-03   1.1656652e-01  -5.6266809e-01   2.1791576e-04   5.6426632e-01   8.0130488e-01   2.0143360e-01   1.4336410e-01   1.4230312e+00   2.2729731e+00   1.0733042e-01
   4.6073410e-01  -3.6048013e-01  -2.3802054e-01   8.6255483e-02   1.3966088e-01   6.0721743e-01   9.3664281e-02  -1.4133838e-01  -2.0271740e+00  -6.0177708e-01   4.6663222e-01   4.4681492e-01   9.6290618e-01  -1.2227192e+00  -3.7785813e-01   2.2951877e-01  -8.5283563e-02   9.0734728e-02  -7.0221132e-01  -6.8417862e-02   5.7341146e-01  -1.3858329e-01   2.3042088e+00   1.0091714e+00  -1.8294029e-02   7.2893403e-02  -4.6826266e-02   4.4291672e-01   5.3776596e-02   6.0887251e-02   2.7618456e-01   4.4054508e-01
  -6.3512199e-02   7.3881292e-01  -2.8083828e-01  -3.2224807e-01   6.4228302e-01   8.1914639e-01  -6.1827862e-01  -2.9126029e-02   1.4186441e+00  -1.4988865e+00  -1.3430600e-01   1.2374729e+00  -4.8391983e-01   4.3841094e-02   1.7954054e-01  -2.3680089e-01   3.4565148e-01   2.9380175e-01   9.1312641e-01  -1.0632025e-01  -6.0821116e-01  -7.1863943e-01  -1.5974185e+00  -8.3337352e-02  -1.1586512e-01   8.3773476e-01   8.4046686e-01   1.1913582e+00   3.2219507e-02  -2.5072226e-01  -3.5474893e-01  -3.7566283e-01
  -2.6128927e-01   5.2744389e-01  -6.8691373e-01  -1.3991597e+00  -5.0246036e-01  -4.2263752e-01   1.9028534e+00  -3.9442661e-01   2.3219259e-01  -5.1001396e-02  -1.5078479e-01   6.8945497e-01  -9.8983862e-02   4.1765645e-02   5.8911122e-02  -2.6476535e-01   1.0428485e-01   1.2313362e-01   8.5789971e-02   1.4406374e-02   1.4676923e-01  -3.7683198e-01  -1.4710487e-01  -8.4538557e-02  -1.3783476e+00   1.9018657e+00   4.8750472e-01   8.6391193e-01  -7.2124016e-01  -9.6316206e-01  -4.3588102e-01   1.0987683e-01
   1.2812586e+00  -7.2614956e-01  -6.6680497e-01   1.1905979e+00   4.3981501e-01   6.3892198e-01  -4.0338248e-01  -7.9081394e-02   4.6121776e-01   8.8390298e-03   2.2030395e-01   7.1342386e-02  -1.1504425e+00  -8.5690922e-01  -1.3930461e+00  -5.3132391e-01   2.4384573e-01   4.9343899e-02   5.4700822e-01  -3.6137274e-01   3.8253361e-01   1.0675172e+00  -3.5757589e-01  -1.2389892e+00   3.3046564e-01  -3.7162217e-01  -3.4352815e-01   4.0618131e-01  -9.3958658e-01  -6.9344044e-01   9.9458998e-01   5.7219106e-01
  -4.6280932e-01   1.7287052e-01   5.5080891e-01  -6.0341567e-01   1.3169727e+00  -3.6194500e-01  -1.7161096e+00   1.4514118e+00   4.3414604e-02   2.3165937e-01  -2.2779600e-01  -2.5335100e-01   6.4229056e-02   2.6908189e-01  -2.8024206e-01  -4.1899115e-01  -3.0569580e-01  -3.6004406e-01  -2.1365383e-01  -1.4380264e-01   1.6060443e+00   8.0642480e-01   1.0035391e+00  -8.7140892e-03   1.2802390e+00   3.3152988e-04   7.0151275e-01  -3.8388866e-01  -3.6476436e-01  -7.3046196e-01  -3.3498207e-01  -2.9241467e-01
   2.7746794e-01  -7.9869792e-02   7.3034078e-02  -1.0667174e-01   6.5628409e-01  -1.4128718e+00   3.3905101e-01  -1.0631479e+00   1.2555391e+00   9.0560675e-01   9.8275882e-01   3.9494199e-01  -1.3606752e-01   5.0439373e-02  -1.7720504e-01  -6.1999369e-02  -2.6661539e-01   1.5871586e+00   5.7653010e-01  -2.0676923e+00   6.1283231e-01  -2.5612020e-01  -8.8437712e-01   2.8001297e-01  -1.8747820e-01  -4.6436965e-02   2.8642601e-01   9.6857622e-02  -5.7627965e-02  -1.4670900e-02   1.4289790e-01   2.9991286e-02
   3.3770751e-02   1.0109618e-01   7.5939320e-02  -2.6338903e-02  -1.9443341e-01   1.5903862e-02  -2.3157986e-02   8.1781119e-02   1.2548187e+00   2.0428941e-01   3.1856039e-01  -1.3906482e-01   1.6376003e+00  -1.6814615e+00   1.1170011e-01  -6.4144528e-01   3.0450377e-01  -7.0021935e-02  -2.9302660e-01   1.0704380e-01  -2.9749250e-01  -3.3295015e-01   1.0624774e+00   9.5151812e-01   4.7311962e-01  -4.1429070e-01  -1.1360368e+00   1.7261678e+00  -2.7725911e-01   2.3642148e-01   3.6164057e-01  -9.5340419e-01
   1.6861944e+00  -6.0909361e-01  -6.1839628e-01   6.9956917e-01   1.5137078e+00  -2.7449149e-01  -5.6912440e-01   5.1117229e-01  -4.7132227e-01   4.3822408e-01   5.2734718e-02  -3.0475542e-01  -7.1645007e-02   2.2606725e-01  -2.0183057e-02  -8.3001181e-03   2.3263729e-01  -5.2914912e-01   1.5410633e-01  -9.5759904e-01   1.0705278e+00  -4.6343276e-01   1.6696210e+00  -1.3110042e+00   3.6704132e-01   3.2358408e-01   9.1307592e-01   4.0163165e-01   3.9803237e-02  -1.1289010e-01  -3.1317223e-02  -6.1232917e-02
   1.4409709e+00   8.7524396e-01  -7.0490018e-02   3.0090937e-01  -9.3243621e-02  -1.9202900e+00   3.9354610e-01   2.6221231e-03  -8.9672405e-01  -1.7551751e-01   5.9977986e-02  -1.8537167e-01   3.7710793e-02   1.2866943e-01  -7.2586238e-02  -3.3793649e-01   3.6272654e-01  -5.2324265e-01  -2.2555573e+00   4.8521307e-01   3.4842558e-02  -4.0913627e-01  -1.1628155e+00   7.9914033e-01   5.5120301e-02  -1.6522452e-01  -4.7455603e-01   1.9726835e-01   6.1655197e-02   1.8586420e-02   8.8838220e-02  -8.0148235e-02
   3.3820382e-01  -2.8795227e-01  -1.9274125e-01  -9.0963282e-03  -1.8289128e-01  -1.0881163e+00  -4.3394735e-01   3.2487389e-01   4.9643299e-01   1.7925967e+00   7.6155883e-01  -5.5509740e-01   4.3364665e-01   1.0359597e+00   3.7521613e-01  -4.3537259e-01  -4.9067356e-02   1.5598807e-01  -3.8339931e-01   8.3485782e-02  -1.4291516e-01   6.3762707e-01  -1.2268231e+00   9.4264902e-02   1.0379679e+00  -1.3974921e-01   8.4366518e-01   1.7567068e+00   4.7892472e-01  -2.9005969e-01   6.9249213e-01   7.1076912e-01
  -1.6668722e-02  -1.1602826e-01  -2.3163229e-01   3.0485868e-01   1.0086554e-01   1.6050991e-01   8.0117948e-02  -7.6660973e-01  -1.7231230e-01   4.1670361e-01   1.5383805e+00  -1.8402058e+00   6.0087427e-02   8.1827633e-02  -1.9704506e-01  -1.0626016e+00  -3.7836191e-01  -1.6989162e+00   1.3513035e-01  -3.7398100e-01   2.0438867e+00  -5.5709261e-01   3.8723579e-01   1.0256217e-01  -3.1138411e-01  -3.2554889e-01  -1.8056354e-02  -1.3337237e-01  -1.2105528e-01   4.2275947e-02  -2.7386518e-02  -3.0368749e-02
   1.1493287e+00  -9.9945992e-02  -1.6471495e-01   1.1478384e+00   6.8162984e-01   2.8152931e-01  -5.3898805e-01   6.3805807e-01  -7.3102474e-02  -5.5212420e-01   9.5019323e-01   8.3163792e-01   1.5653791e-01  -1.9731376e-01  -1.0029895e+00  -3.9307168e-01  -1.2021533e+00  -4.7326115e-01  -8.1295395e-01   1.1781241e+00   6.7864794e-01  -6.4464372e-01  -1.1384058e-02   1.6642773e-01  -3.6801171e-01  -9.5907789e-01   3.3685800e-01  -3.1983608e-01  -9.9143618e-01  -1.0807722e+00   7.6922768e-01  -5.6440216e-01
   6.8672597e-02   8.9086302e-02  -4.3551404e-02   3.3815403e-02  -2.7759713e-01  -1.4117174e-01   4.0224414e-02  -4.7647364e-02  -5.9563917e-01   6.0632974e-01  -1.4901140e-01  -1.7412521e-01  -1.2171954e+00  -2.1068046e+00   5.9939641e-01  -3.5738248e-01  -5.4646724e-01   5.9291351e-01  -2.6961505e-01  -1.5184651e-01  -1.0922912e-01  -7.7047393e-02  -3.4111339e-01   1.4971675e-01  -6.4292097e-01   3.5805181e-01  -1.0959154e-01   2.5543573e+00   1.8278293e-01   6.8898641e-02   6.8312240e-01  -4.6434772e-01
  -7.9806902e-02  -2.8796712e-01   2.5974816e-01  -1.8109322e-03   1.0687480e+00   6.8607122e-02  -3.5164061e-01   9.2713618e-01   1.5793878e+00  -3.4425732e-02  -4.8081663e-01   1.3209854e+00  -4.3477795e-01   3.7322327e-01  -7.6910861e-02  -5.1311827e-01  -7.4107841e-02  -2.1896346e-02  -9.6420376e-03  -6.1105281e-02  -2.0891382e-01  -2.6873982e-01  -2.6887065e-01   2.7628922e-01   1.3167268e-01  -3.5207909e-01  -4.5273831e-01  -5.0652843e-02  -2.7911472e-01   1.8970393e+00   2.0394495e+00   4.2959976e-01
   1.3661228e+00  -1.7794830e-01   5.8919567e-01  -1.1798203e+00  -4.2129415e-01   1.0802030e-01  -2.4775007e-01   3.5217828e-01   1.1820289e+00   2.4713028e-02   6.7725688e-01   2.3276673e-01  -8.1898230e-01   4.2531943e-01  -1.3689347e-01  -7.1385801e-01  -3.2064855e-01  -1.2100534e+00   1.1379882e+00   9.7921073e-01   5.2719628e-03  -3.8284111e-01  -6.4196259e-01   2.9518899e-01  -7.5892591e-01  -6.4519238e-01  -1.0413597e+00   5.0836951e-01   8.6206698e-01   4.6304727e-01   8.3113211e-01  -4.9749234e-01
   1.4124812e+00   5.8619648e-02  -7.5748682e-01  -8.3291703e-01   3.0809021e-01  -8.1889617e-01  -7.2060096e-01   2.1390946e-01   1.6362712e-01   1.0073029e+00   1.4419104e-01   1.7042860e-01  -1.4400533e+00   1.5328391e-02  -9.8457539e-01  -6.9958693e-01  -3.3917108e-01  -4.8534706e-01   5.1535732e-01  -7.6318669e-01   5.5126178e-01  -4.3993601e-01  -1.0566425e+00   5.6680095e-01   2.8034920e-01   5.5294609e-01   4.1803919e-02  -8.8654876e-01  -6.2021732e-01   7.0956522e-01   1.1601548e+00  -4.8919654e-01
   1.2613179e-01   3.5152698e-01   7.6451905e-02   3.0647524e-02   4.3994090e-01  -2.3558026e-02   1.6411712e-02  -7.4835375e-02  -1.1182168e+00   1.6504505e+00   5.0929832e-01   1.0138142e-01   1.6649492e+00  -5.5209810e-01  -3.1596464e-01  -2.9340103e-01   5.5522140e-02  -2.3947667e-01   2.6021248e-01   8.4551059e-02   1.9182965e-01  -5.0808638e-01   1.5051601e+00   7.4304724e-01   2.1740083e-02  -4.7199363e-01   1.9897343e+00   1.0658588e-01   1.8871462e-01  -3.0115169e-02   3.3687124e-01   7.4524742e-01
   1.0266979e+00  -5.3090739e-01  -7.0827222e-01  -1.2169932e+00   4.5370713e-02   7.7411652e-02   1.1180857e-01  -1.1493275e-01  -1.9392730e-01   3.3641306e-01   1.1772861e+00   6.8413353e-01  -8.5524124e-01   1.5825075e-01   6.5503879e-03  -1.0224050e+00  -1.4486495e+00  -5.6722748e-01   4.2552462e-01  -6.7548394e-01   3.8736485e-02   6.4135683e-01   6.7176953e-02  -3.4830761e-03  -1.3932836e+00   2.7725264e-01  -7.2346024e-02   1.1956574e+00  -2.0732747e-01   9.2436570e-01   9.0910435e-01   4.3473455e-01
   1.0879928e+00  -6.1479449e-01   5.3889996e-01   1.3226657e+00  -5.2032596e-01   1.3136031e-01   1.6646514e-02  -6.7275459e-01  -2.5429124e-01   2.1400385e-01   6.9689149e-01  -5.4914916e-01   6.0152578e-01  -1.0168256e+00  -1.4803264e+00  -5.7067472e-01  -6.4351541e-01  -7.4152893e-01  -7.9081160e-01   2.6504788e-01   6.7592859e-01   1.1412185e+00  -4.3676963e-01   6.8470293e-01  -2.9774937e-01  -7.3639524e-01   3.5497287e-01  -3.3071771e-01   6.8000317e-01  -9.0967155e-01   6.9749123e-01   3.5484451e-01
