  -3.2982770e-01  -2.0121181e-02   1.8017045e-01  -7.3059961e-02   1.8158181e-01  -7.3029345e-01   2.8688170e-02   7.2980404e-01  -6.7590797e-01  -1.7961369e+00   9.2215705e-01   1.3446513e+00   3.3494896e-01   1.0372740e-01  -4.0627417e-01  -1.2821326e-01   5.8483362e-01   1.0665150e+00   1.1763773e+00   9.0920264e-01  -1.8122216e-01   1.0901991e-01  -7.1220733e-02   1.5377450e-01  -1.2732455e-01   9.8902756e-01   2.9542655e-01   1.1235201e+00
   2.4965218e-01  -6.3316971e-02   4.2159818e-02  -5.1737148e-02   4.7290012e-01  -1.0545518e+00   1.3163909e-01  -3.6862788e-01  -1.5981708e+00  -6.6212100e-01  -6.4787406e-01  -1.7040715e-01   1.1944797e+00   5.0960559e-01   4.4248468e-01   1.4710493e-01   2.5351602e-01  -6.9659255e-02  -5.3333008e-01   1.6146155e-01  -7.6078475e-01  -2.7614799e-01   1.8416666e+00   1.1067116e+00  -2.0986725e-01  -3.8820064e-01   2.1875049e-01   1.0959970e+00
  -7.4969500e-02   4.7013950e-01   3.9404884e-01   2.4037176e-01   1.2400612e-01   1.0006104e+00   1.0646760e+00   4.7923639e-02   5.6759864e-01   1.0856780e+00   1.1815192e+00  -4.4428211e-01   6.6819173e-01   4.9209717e-01   6.4130777e-01  -3.7048706e-01  -9.1550666e-01   2.2885759e-01  -3.7358570e-01  -9.7093964e-01  -1.1883808e+00  -7.9119051e-01   7.1064812e-01  -1.2046149e+00  -7.9525262e-01  -7.7840507e-02  -1.7779456e-02  -6.8591636e-01
   3.5780516e-01   4.8311913e-01   1.3485862e-01   1.4159420e-01   2.0019848e+00   3.4186134e-01   5.8762735e-01   8.1579767e-02  -1.0553970e+00   1.0647984e+00  -3.1162873e-01   2.9521245e-01   2.6941979e-01  -3.9146576e-02  -1.0191312e+00   3.3109762e-02   1.0652626e-01   3.9238560e-01  -1.2096051e+00  -1.7456275e+00  -1.0639416e-01   6.9918402e-02   4.5603645e-01  -6.0803074e-01  -9.7071007e-02   3.2170624e-02   3.5152787e-01  -4.1738704e-01
  -2.5642785e-01  -4.8900519e-02   2.1652337e-02  -6.1404582e-02   8.5731387e-01  -2.8335376e-02  -9.2829458e-02   4.3333117e-02  -6.0959500e-01  -9.9897730e-01   7.7042408e-02  -4.8545018e-02   1.9519262e+00  -8.9044583e-01   2.8231511e-02   2.3188035e-01   9.2979215e-02   1.6020088e-02  -3.1289466e-02  -1.5284981e-01   1.3077538e-01   4.2098784e-01   2.4344730e+00   2.9868475e-01   8.8839173e-02   1.1164950e-01   8.1612885e-01  -4.6489483e-01
  -4.0147629e-01  -6.2746388e-01  -2.7668810e-01  -1.8767926e-01   2.4949110e-01  -1.0426509e-01   8.4590741e-02  -8.0210321e-02  -2.1251867e+00   2.9661208e-01  -8.2715333e-01   5.0204563e-01   7.6315933e-01   1.7813975e-01   2.1126291e-01  -4.9518502e-01   3.4084001e-01  -4.5512670e-01  -7.0498443e-01   9.5187348e-01  -5.9947610e-01  -3.1343606e-01   1.4335712e+00   5.3497243e-01  -4.9431469e-02   6.0833824e-01  -1.7874503e-01  -1.3682909e+00
  -3.9321592e-01   1.8890479e-01  -3.7931103e-02   2.9596439e-01   4.2714328e-01  -1.9385587e-01   3.1989778e-03  -3.5932636e-01   1.6816514e+00   1.4369098e+00   1.1502841e+00  -5.1967049e-01   3.8531634e-01   4.6076059e-01   9.5751442e-02  -5.2577400e-01  -5.2102405e-01  -7.2914797e-01   1.6235627e+00   5.7046045e-02  -3.9178619e-01  -5.9504563e-01   1.4749583e+00  -1.1970547e-02   1.5477207e-01  -3.9785430e-02  -1.3135977e-01   2.6629302e-01
   6.0526097e-01  -3.2309499e-01  -1.6220236e-02  -3.4489942e-01   1.1339153e+00   5.2006912e-01   4.6221265e-01  -2.8649461e-01  -3.0410588e-01   1.7227627e+00   5.0231946e-01   5.6187356e-01   9.4277161e-01  -1.1181658e-01   5.4313815e-01  -7.5932287e-02  -1.2379255e-01   4.0994412e-01  -9.2124778e-01  -3.4423748e-01   1.7704867e-01  -8.3465868e-01   1.9662215e+00   4.9472570e-01   4.2350996e-02  -3.1328255e-01   7.7051568e-01   2.1118295e-01
  -3.4167882e-02  -4.4752672e-02  -3.7358884e-02  -8.4552902e-04   1.2625060e+00   1.7141357e-01   2.8579521e-01   8.5753046e-02   8.4116781e-01   1.5934825e+00   9.7412303e-02   5.3426069e-01   6.3126469e-01   1.2153625e+00   3.2834329e-02   5.0236881e-01   1.9952781e-01   2.1757528e-01  -8.6065143e-01  -1.0946101e+00  -1.9643207e-01   7.0592277e-02   1.0500593e+00  -9.2469409e-02  -2.5463170e-01   2.3583336e-01   1.5476841e+00  -9.5697486e-01
   2.1637591e-02   2.5960518e-02  -2.9191971e-01   1.0862847e-01  -2.6634240e-01  -1.1287624e-01   1.1411655e+00   3.2935125e-01   4.1796041e-01   4.1486406e-01  -1.7753350e+00  -1.3908622e+00   8.8287067e-01   1.5806350e-01  -1.5049963e-01  -9.6759483e-02   1.9961033e+00   9.3457662e-02   4.1471478e-01  -5.5783123e-02   1.1808746e+00  -3.1470701e-01   3.8277587e-01  -1.1372677e-01   4.1009852e-01  -3.3027494e-01   1.6964601e-01  -1.0293705e-01
  -4.3717998e-01   4.9980342e-01  -3.0791053e-01  -5.2878040e-01   7.7204853e-02  -2.4616674e-01   2.5211063e-01   1.9141065e-01   1.1161010e+00  -7.8378165e-01   2.9209957e-01   1.5165849e+00   8.9340359e-01   4.2961985e-01  -1.0072697e+00   1.4974084e-01  -3.3215386e-01   4.3265054e-01   4.1942894e-01   2.4896826e-01   2.6335034e-01   1.2284310e+00   1.2191975e+00   1.0762655e-01   9.0795785e-01   9.7441101e-01   1.0828832e+00  -4.4096410e-01
  -3.5239974e-01  -3.1166640e-01  -7.0559567e-01   5.2097894e-02   9.2265344e-01  -2.2575498e-01   5.6523442e-01  -1.0966859e+00  -8.7345111e-01   6.0264176e-01  -2.2168088e-01   1.5362713e+00   9.6079493e-01  -7.0622884e-02  -7.3201126e-01  -6.0504202e-02   1.2254206e+00   1.3231468e+00  -1.3011155e+00  -1.3266493e-01   1.0577781e-01  -5.0772954e-02   1.3468299e-02  -2.7346686e-02   1.5528843e-01  -7.2935671e-01   3.7129763e-01   4.2325506e-01
   1.1823078e-01   1.2163256e+00   7.4055636e-01   5.8196354e-01   1.2566658e+00  -7.1722385e-03   6.5118361e-01  -7.2179353e-01  -1.6144653e-01  -1.0024079e+00  -6.8230045e-01  -4.4257802e-01   1.0156782e+00  -9.7772121e-02  -8.3475238e-01   1.0133287e+00  -1.7658713e-01  -1.1149279e+00   1.2525399e+00   6.3963556e-01  -2.0173831e-01  -7.0418972e-01   8.2344538e-01   3.1402576e-01  -3.4088112e-02  -2.0802452e-01   1.2561508e-01   1.1121569e-01
  -3.1805134e-01   3.5723105e-01   9.0660285e-03   3.3649430e-01   1.5975090e+00  -7.1680820e-01   5.1563472e-01  -1.0608009e+00  -5.2342749e-01  -1.0950766e+00  -7.7526695e-01  -3.5778767e-01  -3.0942383e-01   2.9439589e-01  -8.7344326e-02  -8.3342040e-01   4.2614678e-01   1.2071968e+00  -1.6735594e+00  -7.2635961e-01  -3.5186556e-01  -1.1972463e-01   3.8096544e-01  -1.3209546e-01  -4.9497300e-01  -1.6652912e-01   7.1001047e-01  -2.6295289e-01
   1.6790548e-01   4.5197368e-02  -3.3727631e-01  -8.8767213e-01  -3.0262306e-01  -9.5726706e-02   7.8999430e-01   1.6760057e+00  -2.4491361e-01   1.7020969e-02   1.1500982e+00   8.2277972e-01   1.5309421e+00  -3.3021671e-01   4.3623793e-01   2.1807839e-01  -1.6398838e+00   2.8876973e-02  -4.0493402e-01  -3.5256541e-01   9.0258920e-01   9.2018765e-01   7.7181213e-02   3.6183083e-01  -2.0388849e-02  -6.3557312e-02   4.8710924e-02  -1.0830166e-02
  -2.0052138e-01  -1.0077631e-02   1.6882965e-01   9.3385585e-02   1.9569439e-01  -5.3592008e-01  -1.6180530e-01   4.6834943e-01  -1.5104810e+00   3.0169371e-01   1.3365258e+00  -2.9288140e-01   5.9589392e-01   1.1752454e+00  -4.8827377e-01  -9.3115717e-01  -9.5025373e-01  -2.2738745e-02  -1.0940291e+00  -1.0030904e-01   3.0187669e-01  -4.6920088e-01   4.7651741e-01  -4.9344522e-01   1.1352167e+00   1.4773175e-01   1.4080442e+00   2.8211766e-01
  -5.7691628e-01   9.2260800e-02  -1.0081727e-02  -2.9097819e-01   5.2022552e-01   3.3945960e-01  -2.5222090e-01   2.5010037e-01  -1.0530463e-01  -1.9241211e+00   1.0315495e+00   1.7212251e-01   6.6867220e-01   4.7074649e-01  -3.5985780e-01   3.3613807e-01  -1.6833267e-01   5.9036359e-02   1.4303209e-01   4.2719620e-01  -6.4806622e-01   1.0938144e+00   1.9998720e+00   7.2514707e-01   3.7443641e-01  -3.1982553e-01  -6.1797756e-01  -5.8538890e-01
   8.1243628e-01   7.9776698e-01   1.2565114e+00  -5.4066485e-01   4.2617404e-01  -1.4932568e-01   6.7054592e-02  -5.7181859e-01  -1.0218905e+00   3.4405974e-01  -7.8112520e-02   1.1930288e+00   8.4522063e-01   2.5596371e-01  -4.5176026e-01   4.7780314e-01   1.7440913e+00   1.8767254e-01  -7.6941949e-01   1.3666562e+00  -1.1053715e-01  -3.7405485e-01   3.8171190e-01   1.9915249e-02   3.3439869e-01   4.6476430e-01  -5.6534785e-01   1.0055225e-01
   1.0538265e+00  -9.0299927e-02  -2.0120871e-01   9.8477924e-01   1.1378793e+00  -7.7204466e-02  -3.1157255e-01   1.0701128e+00   7.4319839e-01   4.0305364e-01  -6.6102648e-01   6.1917990e-01   6.1311103e-02   9.7777694e-02   3.7928548e-02   4.8347525e-02   9.7005033e-01   1.6549538e+00   1.9083362e+00  -3.6818272e-01  -3.2105473e-01   2.4189852e-02  -4.5690008e-02   2.7797666e-01   1.0559297e-01  -2.4035108e-01  -1.6581142e-01  -1.9807424e-01
   2.0122522e-01   7.7537179e-01   5.3199035e-01  -3.9455992e-01   7.8206855e-01   5.6473678e-01   2.0681031e-01  -7.6601392e-01  -1.1962725e+00   7.3605365e-01   8.6266810e-01   6.8864715e-01  -1.6837922e-01   8.1543589e-01   6.9167125e-01  -8.9328177e-02  -4.6246652e-03  -5.1014472e-02  -3.8709514e-02   2.9544594e-02   3.2996160e-01  -8.0222714e-01   9.9564797e-01  -4.8837340e-01  -1.3197191e+00   5.1467717e-01  -1.5992308e+00  -6.6121650e-01
   1.0047715e+00   1.1869125e+00   3.9750725e-01  -6.4573568e-01   3.8953567e-01   1.0846634e+00   3.9684311e-01  -3.2164779e-01   1.9650926e-01  -1.1229240e+00  -4.9352810e-01   6.0304228e-02   1.3309149e-01   8.3422589e-01  -4.2831975e-01   6.3070759e-02  -3.8701035e-02  -6.2139785e-01   1.0903504e+00  -4.8154679e-01  -5.6972824e-02  -8.8490623e-01   1.8273088e+00  -6.9500506e-01  -2.3366198e-01   1.0809298e-01  -4.8133394e-01  -5.0488210e-01
   1.1391145e+00   3.5254738e-01  -2.3451833e-01   1.8024652e-01   2.0910323e+00   5.5048388e-01  -4.0918446e-01   2.1016142e-01  -6.9913101e-01   2.7600141e-02   1.6212666e-01  -1.0388293e-01  -1.8982251e-01  -4.9986863e-01  -7.3032802e-01   1.6898233e-01  -3.5112862e-02  -1.2610908e-01  -8.8793081e-01   8.0556142e-01   7.0542477e-02   2.7765495e-01   1.7815171e+00  -2.8746036e-01   5.3333305e-03  -1.6732809e-01  -1.1547512e+00  -2.7324873e-01
   5.8929139e-01  -8.2957387e-02   1.6867068e+00   7.6163286e-01   6.7000367e-02  -2.5506157e-01   7.5991136e-01  -6.0609472e-01  -2.0888260e-02  -4.0327871e-01   1.0016485e+00  -8.1610197e-01   6.7224538e-01  -2.3020094e-02  -2.1615690e-01  -2.6055405e-01  -4.4339585e-01   1.3086321e+00   4.5124894e-01  -1.9555242e-01  -1.8820667e+00  -5.8954727e-02   5.2800250e-01   4.9986216e-01   5.0856155e-01  -4.9738306e-01  -2.7214086e-01  -4.0127836e-02
   8.0014282e-01  -2.0559478e+00   9.0011406e-01   4.2926750e-01   1.7460008e-01  -2.2341442e-01   9.3706109e-02   7.5653337e-02  -1.0072224e+00  -5.2446448e-03   5.7054557e-02  -3.9745221e-01  -1.6777419e-01   2.5737262e-01   4.8956609e-01   3.4834939e-01  -7.2416991e-01  -5.4435897e-01  -1.6305252e+00   1.3750764e+00  -2.5685020e-03   6.6409864e-02   1.9956580e-01   7.8340575e-02   3.1044453e-01  -1.4830859e-01  -1.1666829e-01  -9.2722744e-01
  -7.4934107e-01  -5.3205281e-01   1.0630424e+00   9.3973786e-01   9.1607869e-01   2.3246472e-01  -1.3954360e+00  -6.3706970e-01   4.7412634e-02  -2.1350384e-01  -1.8989740e-01   4.4681346e-01   6.3136980e-02   2.1833628e-01  -4.6470964e-01   2.1959937e-01   8.4858543e-01   1.0192729e+00   6.4107496e-01   5.5604589e-01   1.5679941e+00  -3.4333664e-01   1.0152165e+00  -2.9969949e-01  -5.4039046e-02  -9.0788668e-01   3.9198074e-02  -5.4006201e-01
   1.6176602e-01   3.5077162e-02   5.2649383e-03  -1.0747888e-01   5.5911708e-01  -1.8354413e-01   3.6759943e-02  -6.1344433e-01  -8.6528814e-01   1.6431740e-01  -1.2209154e-01   9.0210295e-01  -9.0903825e-01   1.1974654e+00   1.0964469e+00   1.2509507e+00  -5.3108609e-01   4.0675819e-01  -2.0240869e-01  -5.1392567e-01  -7.3638797e-01   2.3970667e-01  -2.9869850e-03  -7.3261619e-01  -1.3934246e+00   7.7552569e-01  -4.6528265e-01  -1.3988117e+00
  -8.8569544e-02   3.8835838e-02  -3.8504925e-02   4.1688513e-02   1.5587771e+00  -1.5968955e-01   4.5498833e-01  -1.6784970e-01   1.4720335e+00  -5.9008402e-01   4.1564906e-01  -2.2311595e-01   9.5212620e-01   6.8350571e-01   4.1145545e-01   5.1877713e-01  -2.6864359e-01  -1.6394446e-02   9.7236133e-01  -2.1131095e-01  -4.8196825e-01  -4.1812290e-02   1.4974718e+00   3.2093350e-02   3.3241278e-01   4.7914028e-01  -9.0881687e-01  -1.4286643e+00
  -6.9143963e-01   4.4015190e-01  -3.2811159e-01  -2.1474646e-01   2.3086286e+00   5.2517861e-02   2.1149811e-01   9.9215722e-01   1.5161631e-01   2.0672856e-01  -2.5330558e-01   1.8087202e-01   3.5661209e-01  -7.1808469e-01  -1.7995008e+00  -7.3196459e-01   3.1179333e-01  -3.8496923e-01  -1.1689509e+00  -4.9084556e-01  -1.1343905e-01   8.8400699e-02   3.1401053e-01   2.7584612e-01   4.0208548e-02   1.3926789e-01   3.9073938e-01  -1.0733122e-01
  -5.8732247e-01  -4.5578450e-01  -1.6143434e-01  -1.0019220e-01   2.0558989e+00   8.4346557e-01   4.8675445e-01   2.5211036e-01  -8.0600809e-03  -4.1950384e-01  -4.0954314e-02  -7.4177384e-02   1.4490651e-01   1.0251454e+00   5.4106511e-02   1.5124252e-01   1.2606784e-02  -4.7042757e-02  -1.4297114e-01  -2.6273251e-01  -6.1763484e-02   4.7569472e-02   4.2530963e-01   5.8484472e-02   1.6716465e-01   4.7412464e-01   2.4018650e-01  -2.5097733e+00
   1.7972046e-01  -6.2663370e-01   9.7826384e-02   2.0411725e-01  -5.9296167e-01   2.5510771e-02   1.5462208e-01  -1.6302921e-01  -1.6417073e+00  -2.5690201e-01   4.9637219e-01  -3.5597050e-01  -3.1444886e-01   1.5817658e+00  -3.0369145e-01  -5.3585953e-01  -2.2780113e-01  -3.0450931e-01  -1.0044525e+00   2.7037403e-01   3.0318230e-01   1.6824010e-01   9.2861080e-01  -3.8820425e-01  -1.9295704e-02  -7.7168453e-01  -1.5394993e+00  -1.2964180e+00
  -4.4057795e-01   4.7024819e-01  -2.3859933e-01  -4.2009447e-02   7.2275609e-01  -1.3435420e+00   4.7412512e-01   4.9584347e-04   1.6306009e+00  -5.0293398e-01   3.8030455e-01   4.7433403e-01  -4.8449576e-01   4.9809787e-01  -1.5210262e-01  -4.4848895e-01  -6.0002971e-01  -2.5513932e-01   5.7808763e-01   1.4998024e+00   1.3517106e-01   2.8438458e-01   3.9956164e-01  -7.1861976e-01   5.2675396e-01   2.4675728e-01  -3.0132607e-01  -1.6649792e+00
  -1.1392677e-01   1.1055926e-01   1.5454856e-02   1.9396411e-02   1.4135818e-03  -8.6956596e-01   1.4198859e-01   1.6651729e-01  -8.4298450e-01  -3.8283581e-01   2.0523003e-01   2.4516901e-02   3.6784074e-01   2.1170247e+00  -3.2788193e-01  -4.5682800e-01  -2.5273740e-02   1.1462687e-01   1.2340800e-01   1.6542217e-01   6.3374066e-01   2.2068669e-01   2.0819540e+00   1.1392350e-01   1.0915574e-01  -5.1801592e-01  -4.2603455e-02  -1.4834615e+00
   5.1324811e-02  -1.5468656e-01   9.8730281e-02  -9.4571620e-02   5.9999615e-01  -7.8980899e-01   4.3793702e-01  -1.1706507e-02  -4.0075000e-02   1.2904453e+00  -6.1463118e-01   4.1413572e-01   1.5222373e+00  -4.9993426e-01   6.1890930e-01   3.8306579e-01  -2.8805208e-01   2.2045670e-01   6.9342691e-01   2.7262789e-01  -8.3341986e-01   6.1461753e-01   1.7956958e+00   5.1431668e-01   1.3698110e-01  -7.3004520e-01  -1.1865879e+00   5.0804693e-01
   4.5569590e-01  -7.1842659e-01   1.5688225e+00  -6.8044001e-01   2.8958932e-01   2.7206302e-01   2.0463745e-01   7.9341358e-01  -6.0554111e-01   3.4223130e-01  -1.4312671e+00  -5.2104812e-02   2.8002208e-01  -5.2899313e-01   2.8848559e-02  -1.2451343e-01   1.1561177e+00  -1.0239004e+00  -7.6786160e-01  -2.1176556e-01  -1.5031000e+00  -1.7043892e-01   3.6433607e-01   6.7338794e-01  -2.0500989e-01  -7.4893701e-01  -2.1167970e-01   2.6717490e-01
  -4.9979964e-01   3.7090069e-01   1.1502103e+00  -1.0295924e+00   3.8006505e-01  -1.3407859e-01  -9.4717407e-01   3.0994296e-01  -1.8386622e-01  -5.5451387e-01   5.7157356e-01   1.4567162e+00   1.0575105e+00  -7.9454935e-01   2.4203064e-01  -4.9541754e-01   3.9008400e-01   1.9794992e+00   5.9206969e-01   6.8487531e-01  -9.9093206e-02   4.1461036e-01   1.0401134e-01   1.4305091e-01   3.2699838e-01  -6.6702524e-03   9.1832876e-02  -1.0817483e-01
   2.0054796e+00  -5.9291518e-01   8.3409749e-02  -6.9575602e-01   1.1842144e+00  -2.6881748e-01   6.3499883e-02  -4.0990698e-01  -3.0759007e-01   8.0720460e-01   2.3554516e-01   1.3347811e-01   2.6488138e-02  -1.2833471e-02  -3.5663766e-01   5.1431078e-01  -1.9634664e-01   2.2675370e-01  -9.8054755e-01  -8.7353784e-01  -3.5632156e-02  -2.8950617e-01   1.2526844e+00  -4.4307202e-02   3.7415868e-01   2.9961982e-01  -1.0053400e+00   1.2511896e+00
  -4.2219716e-01   2.5184441e-01  -4.5562273e-01  -1.0335373e-01  -5.8904342e-02   1.0251453e+00  -5.4196548e-01   7.6313370e-01  -9.4884717e-01   9.7192293e-01  -1.2850046e+00   4.0945250e-01  -3.5488275e-01  -6.5207976e-01  -1.9814782e-01  -3.5330176e-01   7.3831427e-01  -6.6581178e-01  -1.0652485e+00  -3.4814719e-02   7.6866287e-01  -1.9045304e-01  -7.4051976e-01  -3.9056581e-01  -2.3302077e-03   1.3008852e+00   8.5282910e-01  -1.1655295e+00
   7.6271519e-02  -1.6681853e-01   3.2683915e-01  -4.4628817e-01   2.1004577e-01  -9.9013537e-02   6.5465772e-01  -1.6880153e-01  -6.8734640e-01  -1.3948560e-02  -1.7245528e+00  -6.9759923e-01  -2.2981347e-01  -4.2718679e-01  -2.8541207e-01  -1.4031421e+00   4.4062215e-01  -9.6841085e-01  -1.9069859e-01   2.9507899e-01  -1.7327518e+00  -7.4172807e-01   6.1519861e-01   2.1632490e-01   9.7699994e-01  -7.5193310e-01  -3.7266970e-01   1.9583732e-01
   1.3280187e+00  -2.7808958e-01   1.9568858e+00  -5.7478815e-01  -1.3736206e-01   2.4464853e-01  -2.5731286e-01   3.5070652e-01   3.0979735e-01   2.8461394e-01   4.9479520e-01   3.6725238e-01   1.6246942e-01  -4.4471905e-01  -6.5885715e-02   4.4515148e-01  -1.5514877e+00  -5.9044218e-01   9.7505915e-01   5.4863149e-01  -1.0347712e+00  -2.9556823e-01   6.4961028e-01   2.8360167e-01   7.8391385e-01  -3.8831890e-01  -5.1886165e-01   2.1315721e-01
   1.1834403e-01  -1.0079294e+00   5.7043147e-01  -7.4634396e-02   9.4165921e-01   3.3740592e-01  -7.1384385e-02   5.3324008e-01   7.0646413e-02  -1.7233772e+00   9.5762175e-01  -2.1077432e-01   2.8893259e-01  -4.3878898e-01  -3.7061468e-01  -1.3681701e-01  -9.9784905e-01  -6.4325845e-01  -2.4053914e-02   2.0775416e+00  -1.1190448e-01   5.3170943e-01   8.9399999e-01  -3.6209631e-01  -5.4199334e-02   1.0398173e-01   1.1655068e-01   3.6975574e-02
   1.6975041e-01   9.3695931e-02   1.9389988e-01   4.7831535e-02   4.8673776e-01  -1.6986994e+00   1.1010802e-01  -1.7691410e+00  -2.1105051e-01  -6.2904644e-01  -3.3599350e-01  -4.9017438e-01   4.4426045e-01   2.2319068e-01  -4.3706730e-01  -3.2315260e-01  -3.7695926e-01  -4.5874214e-01   5.3814816e-01   2.7342698e-01  -9.7752905e-01  -9.4983697e-01   1.2681353e+00   5.1780695e-01   4.1066727e-01  -8.7951481e-01  -9.9982791e-02   9.5857155e-01
   4.3981016e-02   1.5424144e-01  -1.5365697e-01  -1.2672512e-01   3.3285114e-01  -1.8420124e-01  -3.1572586e-01   2.7001959e-01   6.1743283e-01  -7.1215016e-01  -5.8567196e-01   8.7735027e-01   1.0437297e+00  -1.1111901e+00  -1.0012889e+00   1.3485959e+00  -7.1953428e-01   1.0630373e-01  -5.3207350e-01   3.0844802e-01   9.7496402e-01   1.3368715e-01   9.1612065e-01  -1.6108721e-01   9.2242104e-01   1.1263846e+00   9.7056007e-01   8.1745690e-01
  -8.8750273e-01  -8.8220358e-01  -4.9150202e-01   3.3885300e-01   1.7369055e+00   6.0812157e-01   3.5862190e-01  -8.1675512e-01  -6.9813102e-01   9.7017102e-02   3.0537155e-02   3.9417735e-01   4.3600389e-01  -1.1798236e-01  -2.5136465e-01   7.1940273e-01  -9.2899954e-01  -7.0730753e-02   3.7537187e-01  -1.8106399e+00  -1.5997551e-01  -5.6339926e-01   1.1030388e+00  -1.8970020e-01   2.8985777e-01  -2.2696419e-01   4.6184078e-01   4.7494689e-01
  -1.8527013e-01   2.0738466e-01   2.4232630e-01   3.8474190e-01   4.1019151e-01   1.8988131e-01   5.3856438e-01  -5.8213556e-01  -1.1105534e+00   6.7409359e-02  -5.8703959e-01   1.9000947e+00  -3.0532578e-01  -4.6643314e-01  -8.2883871e-01   2.8117377e-01  -1.7044754e-01   7.5542164e-01  -3.9341652e-01  -1.7758463e-01  -1.4046466e+00  -1.0149020e+00   6.7695129e-01  -6.0687214e-01   3.6620542e-01  -1.1970044e+00   5.6955129e-01   3.2565609e-01
  -9.7379670e-02  -6.3297868e-01  -7.4151909e-01  -1.3657327e+00   4.2066845e-01   3.2065120e-01   1.1580666e+00   5.1077044e-01   4.4360486e-01  -1.9683623e-01   8.1072247e-01  -6.9547862e-01   6.3270158e-01  -1.9489248e-01  -5.7226825e-01   2.0498602e-01   5.0164568e-01   1.9852829e-01  -3.1990096e-01   1.1454690e-01  -1.9675645e+00  -6.0202605e-01   1.0085523e+00  -1.9867279e-01   8.7407416e-01  -5.8943969e-01  -2.8294742e-01   4.6934271e-01
   1.3874674e-01  -1.3422123e+00  -8.9449537e-01  -4.9767405e-01   1.5789841e+00   5.5182630e-01   7.5451910e-01  -8.0169833e-01  -4.0499020e-01  -3.0633229e-01  -2.2471955e-01   6.4610079e-02   9.6961415e-01   5.8277023e-01  -1.3742532e+00   6.0757166e-01   8.0828643e-01  -2.3392875e-01  -4.8890513e-01   1.3302318e+00  -1.2989205e-01  -1.6992274e-01   4.3146142e-01   1.9308381e-02   1.5320139e-01  -2.5810203e-01   1.6019200e-01   4.5503047e-01
   1.0827283e-02   2.2087898e-02   4.5908198e-02  -9.9855199e-02   1.7318304e-01  -8.8210337e-02   3.5985005e-01  -8.0098802e-01   1.0991895e-01   3.6492508e-02   4.6777126e-01  -1.0349125e-01  -1.7590917e-03  -4.8628578e-01  -1.5565159e+00  -1.8305988e+00  -4.1845649e-01   3.2460830e-01   1.1351166e-01   4.8211222e-03  -5.1731580e-01   2.0929310e-01   1.4112750e-01  -7.3155783e-02   1.8622724e+00  -1.6284280e+00  -1.9065446e-01   3.7278286e-01
  -6.3226694e-01   1.2884098e-01  -8.7403275e-02   2.6212627e-01   9.3063426e-01   1.7332552e-02   1.8242715e-01  -3.4587547e-01  -5.7221627e-01   1.3660309e+00   3.3438572e-01   4.9829429e-01   3.6319524e-01  -1.5123484e+00  -4.5562112e-01  -4.2078441e-01   2.5919143e-02   7.7439234e-02  -1.9562133e-01   2.0523642e-01  -2.1103007e-01  -5.8173686e-01   1.4131616e+00   1.9849238e-01   7.9726541e-01  -2.8182521e-01  -3.0335855e-01   1.9537500e+00
   1.1658185e+00   7.2531927e-01   1.1187427e+00  -6.3273698e-02   3.7344763e-01  -7.5630605e-01  -1.5450223e-01  -7.1613204e-01  -2.9988599e-01  -9.1051507e-01  -7.2580212e-01  -2.9026219e-01   5.4774386e-01   2.1257201e-01   3.0683053e-01  -1.6253385e-01   1.7716369e-03  -2.9057232e-01  -4.7317864e-03   4.2517087e-01  -8.7526429e-01  -1.0778167e-01   1.1022667e+00  -6.4515106e-02   1.5085484e+00  -3.5779122e-02  -1.7043880e+00   4.1376963e-01
  -5.6727082e-01  -1.0315754e-01   4.4386801e-01  -3.6639684e-01   7.0081913e-01  -1.5418594e+00   7.9501814e-01   1.4822015e+00   3.2225150e-01  -4.8550248e-01   1.4020820e-01   5.7673472e-01   2.4943620e-01  -5.6640881e-01   5.2314800e-01  -1.7591543e-02   1.1768178e+00   9.7225517e-02   9.4601560e-01  -6.2950450e-01  -7.0235896e-01   6.3883305e-01  -1.2790158e-01   9.5808691e-01   8.2890922e-01  -3.0598941e-01   4.6778172e-01  -8.7701482e-01
   8.4393317e-01  -7.6500958e-01  -1.6372080e-01  -4.5168766e-01   1.7278453e+00   1.0271790e+00   6.2599379e-01  -5.7049459e-01   2.0565522e-01   6.4362657e-01   2.4747600e-01  -3.3799477e-02  -6.9611174e-01   2.5305951e-01   2.8326681e-02   4.0006581e-01   3.2269025e-01  -2.4568057e-01  -4.0650341e-01   1.0996728e+00  -9.4970830e-02  -1.3666259e-01   5.4340398e-01   8.8623308e-02  -7.0133694e-02   6.7803293e-01  -1.1120774e+00  -1.7071075e+00
   1.0223887e+00  -5.2648053e-02   2.0121222e+00  -1.2968727e+00   7.3989123e-02   1.7770083e-01   3.2587272e-01   2.7656898e-01  -9.6628722e-03   7.8440391e-02  -2.8343594e-01   1.2247135e-01  -7.2054774e-01  -1.4513178e+00   5.1725501e-01   3.5345820e-01  -2.3431620e-01   1.5173919e+00  -1.0575053e-01  -6.5516478e-01   5.7050598e-01   2.5347689e-01  -2.3845734e-01  -2.5955336e-02   7.2875136e-01  -7.0355952e-02  -3.0836216e-01   7.7035144e-02
  -5.8813894e-01  -1.8314227e+00  -4.0079874e-01  -7.6742280e-01   1.2967721e+00   1.2511466e-01   5.4871595e-01  -3.0428020e-03   9.3546756e-02   3.7115774e-01  -6.7478390e-03   1.9340298e-01  -3.0411485e-01  -2.8180221e-01   8.4425080e-01  -1.8009721e-01   4.8226994e-01  -5.8266450e-02  -6.4136702e-01   5.0975066e-01  -7.2567171e-01  -4.3506560e-01   1.7420108e+00   1.2624732e-01   3.1500551e-01   4.8292351e-01  -1.0785985e+00  -5.3062880e-01
   4.5872424e-02   2.9553637e-01   4.6173555e-01   1.0346526e+00   8.3348900e-02  -4.6282762e-01   4.3600660e-02  -1.8126274e+00   3.0753276e-01   1.5072455e-01   1.2029669e+00   5.9314704e-01  -3.9958027e-01  -1.6424648e-02  -1.5851566e-01   5.2077872e-01   2.4496652e-01  -1.1524254e+00   6.2853418e-02   2.5712436e-01  -5.9072530e-01  -1.4119515e+00   3.2245198e-01   2.1649605e-01  -2.4994362e-02   1.6373416e+00  -1.4074965e-01  -3.0457270e-01
  -1.5297553e-01   4.0537116e-01   8.3195046e-02  -3.5265049e-01   1.1174206e+00   1.6566988e+00  -1.2986063e+00  -9.1706479e-01   3.5299562e-02  -5.1366735e-01   1.2261530e-01   3.4479499e-01  -3.5126653e-01  -2.9871187e-01   5.6310725e-01   2.5282690e-01  -4.6971668e-02  -1.0226370e+00  -2.0759553e-01  -1.0951221e+00   5.3444016e-01  -4.6194518e-01   5.9414864e-01  -8.5240620e-01  -5.7483637e-01   6.8104821e-01  -3.8239333e-01   1.1654094e+00
   7.3037767e-01  -1.4558260e+00  -1.6292131e-01   3.7350661e-01   1.5094287e+00  -5.5052441e-01  -3.7403208e-01   1.2232888e-01  -6.0585487e-01  -1.1112009e+00   1.6194431e-01   2.9715005e-01  -3.1557027e-01  -8.6208887e-02   4.5068094e-01   1.5879625e-02  -1.4437589e-02   5.0663657e-02   3.4261048e-01  -3.8356784e-01  -2.9545926e-02   1.3668950e-01   1.2041954e+00   6.4672965e-01  -1.6493432e-01  -8.5366882e-02  -1.6777471e+00   1.1889107e+00
  -1.5454612e+00  -1.3928249e-01   9.8082572e-01  -5.5587643e-01   1.0808285e+00   9.6934438e-01  -1.0374004e+00  -1.6963294e-01   3.9934009e-01   3.3642292e-01  -3.8922051e-01  -3.2441389e-02  -1.2076509e+00   1.2042282e-01  -1.1480625e+00   1.2557088e+00   6.8407136e-01  -1.1217229e-01   6.8173951e-01  -7.4793303e-01   4.4313872e-01   2.4420173e-01   7.2997278e-01  -1.2595892e-01   1.8138343e-02  -4.3404415e-02   2.0445068e-03  -6.0885090e-02
  -3.3641610e-02   1.4772663e+00  -8.3414996e-01   1.6190680e+00   4.5352525e-01  -4.3094841e-01   7.1013623e-01  -1.5907566e-01  -4.9581388e-01   1.4576925e-01  -5.9590828e-01  -1.5008588e-01   1.2956073e+00   1.2130804e+00  -5.1643974e-01  -1.3343360e+00   4.3118817e-01  -3.8100511e-01  -4.7261119e-01   2.1578006e-01  -6.8801057e-01   4.3611005e-01   6.5943891e-01  -1.3601109e-01  -3.2763921e-02  -1.1043739e-01  -7.1065851e-02   9.3907481e-03
   3.5127825e-01  -4.2127988e-01   1.3693678e+00  -6.4893758e-01   2.1210755e-01   4.1594043e-01  -2.3924388e-02   1.2909555e+00   1.2420586e-01   6.0287213e-01  -3.7542874e-01   1.5600613e+00  -1.2245219e+00  -1.1368972e-01   2.2952154e-01   7.0939980e-02   5.8556587e-01   1.6002620e+00  -1.3547315e-01  -4.9611342e-01  -1.0826093e+00   6.2549554e-02   3.1454292e-01  -2.3809224e-02   3.9167100e-01  -5.9731269e-01  -1.2013339e-01   1.6032696e-01
   1.5841836e-01  -3.2472681e-02   3.6013704e-02   1.5565507e-01   3.4970358e-01  -1.3484493e-01   9.9094868e-02   1.8729250e-01   3.8222599e-01   7.5990015e-01  -7.0825630e-01   3.3214968e-01  -5.9118229e-01   1.6395402e+00  -1.3797802e+00  -7.1801609e-01   1.5744898e-01   2.6813892e-01   2.7737957e-01  -3.0988070e-01  -7.7742654e-01   9.6947920e-01   1.2525829e+00   7.3086393e-01   6.9041032e-01  -9.7703743e-01  -1.0753992e+00  -6.8242919e-01
  -4.6126625e-01   3.0944076e-01   1.7089024e+00   9.8756951e-01  -8.2672305e-02   3.2473722e-01   1.4380336e+00  -4.2009181e-01  -6.5474041e-02  -9.4966693e-03   3.6204129e-01   2.5863069e-01   6.4004302e-01   5.6485778e-01  -2.1451138e-01   2.5692451e-01  -4.0810543e-01  -1.5254023e+00   4.5528051e-01  -1.7926675e-01  -1.7103869e+00  -4.4324648e-01   9.9538393e-02  -5.3117019e-01   4.4512495e-01  -1.8073340e-01   5.3583529e-02   1.2495638e-01
  -2.0827284e+00  -7.7677377e-02  -1.9589224e-01  -8.6687452e-01   1.1423091e+00  -1.7488629e-01   1.7615546e-01   4.6000832e-01   7.6348118e-02   3.8553709e-01  -1.3371316e-01  -3.6408823e-02   4.1219765e-01  -8.0359578e-01  -1.9072826e+00  -4.7136074e-01   5.1583201e-01   4.6958592e-02  -1.4838439e-01  -1.2012923e+00   8.2667522e-02   2.0550129e-01   4.9124175e-01  -3.8751066e-01  -3.3005882e-02  -1.7936417e-01  -4.6784413e-01   1.1367496e-01
  -1.1497315e+00  -1.8758910e+00   1.1839664e+00  -6.3620642e-02  -1.4423744e-01   2.7550071e-01  -7.8867719e-02  -9.7624384e-02  -5.5382448e-01  -3.8194263e-01   2.9060304e-01  -2.8945297e-01  -1.0475820e+00   1.7507580e-01  -1.0377188e+00   1.7347062e+00  -2.0851435e-01   1.2066691e-01  -1.4379005e-01   4.6712911e-01   9.5202766e-02   6.3561958e-01   8.7004447e-01   5.6765872e-01  -9.6636631e-02  -3.6216941e-02  -6.5987296e-02   4.0918402e-02
  -4.0209938e-02  -3.8785350e-01  -2.3793891e-01  -2.9847750e-01   1.3010868e+00   4.1591293e-01   1.0360898e+00  -2.4295616e-01  -8.3924121e-01   1.0806634e+00  -7.9768330e-02   9.4327664e-01  -4.1025069e-01   7.4081397e-01  -6.6346395e-01   2.4413374e-01   2.2532803e-01  -4.2127424e-01  -6.2540002e-02   6.3345522e-01  -1.3990134e+00  -4.3503645e-01   1.9353436e+00  -3.6404619e-01  -9.9790759e-02   9.0406276e-02   2.8964892e-02  -2.0436962e-01
   1.7890595e+00  -9.1838294e-01   1.9848090e-01  -1.0841746e+00   8.8888705e-01  -5.8100718e-01   7.7788040e-02  -5.6148517e-01  -4.9565427e-02  -4.0644422e-01  -2.2044899e-01  -2.0592792e-01  -6.5064263e-01  -5.4459947e-01   1.6120472e+00  -5.4632109e-01  -6.0038871e-01  -4.7371361e-01   1.2682849e+00  -3.1761283e-01   2.2340757e-01  -3.6107939e-01   3.2149160e-01   5.7948780e-01  -2.4088678e-01  -3.4261331e-01   5.6599218e-01   8.2174644e-02
   1.2482594e+00   1.0872995e+00   1.8123764e-01  -5.0596148e-01   1.8044206e+00  -1.7084460e-01  -1.7733450e-01  -5.1597011e-01  -6.8836045e-01   1.8582011e-02   4.4255175e-02   2.2768697e-01   2.8805146e-01  -2.9403526e-01   1.0002685e+00  -5.4309100e-01  -3.3229038e-01  -1.8136334e-01   3.6471340e-01  -1.3909875e+00   6.0773283e-02  -4.1354665e-01   1.6332546e+00   1.2006320e-01   1.1065776e-01   2.4946559e-02   1.4856315e-01   5.4067433e-01
  -4.7862673e-01  -8.9355093e-01  -2.8431934e-01  -1.5124302e+00  -3.4390546e-02   3.9217602e-02  -1.1066306e-01  -5.1749993e-02   5.9341240e-01   5.8086330e-01   2.8064862e-01   1.2681092e+00   4.7529709e-01  -5.2707171e-01   2.4524719e-01   7.6484805e-01  -3.0672330e-01   4.3459520e-01   1.9618382e-01  -3.0676860e-01  -2.0527983e+00  -1.6029668e-01   1.4187243e+00   1.9122586e-01  -2.7762732e-01  -4.2048204e-01   9.9388622e-02   3.0490974e-01
   6.8506676e-01  -1.4613289e-01   1.3828515e-01  -1.0618238e+00   1.0899892e+00  -2.0902036e-01   4.9636507e-01  -1.6684119e+00   7.1229652e-02   3.2195497e-01   5.7471770e-01   1.8363464e-01   3.9799169e-01  -2.9815999e-01   4.7144654e-01  -5.1942849e-01   4.1425163e-01  -1.9349991e-01   1.6566825e-01   2.8383374e-01   1.4300115e-01  -1.2400734e+00   7.9387206e-01   1.6753983e-01   1.2606823e+00  -1.2509755e+00   6.3352180e-01   8.9424932e-01
  -2.9569084e-02  -3.8416322e-02  -2.3899645e-01  -9.0309227e-01   3.8108338e-02  -3.5147615e-02   1.6565691e-01  -6.7731380e-01   2.5477302e-01  -1.0645369e-01   1.7192290e+00  -1.4435256e+00   3.2918581e-01  -3.9004564e-01   6.9737411e-01   1.7692962e-01  -6.3160831e-01  -9.9905783e-01   5.3086195e-02   9.3554974e-02  -2.1161304e+00  -2.9672942e-01   2.0082447e-01   1.5897842e-01  -6.7848748e-01  -4.8453572e-01   5.9643168e-02   5.6806311e-02
   1.1428682e+00  -8.1951439e-01  -1.3593740e+00   9.0678465e-01   6.7868525e-01   5.9707218e-01  -7.2077972e-01  -5.8478105e-01   4.3643516e-01   3.7445497e-02  -4.5497113e-01   4.1716341e-02   1.2001261e+00   7.4819481e-01   1.0815423e+00   3.6637688e-01  -5.5463523e-01   9.8363560e-01  -4.8540592e-01   9.9238801e-01   3.5160881e-02  -8.1820607e-01  -7.9323828e-02  -8.1412059e-01   8.3647594e-02  -2.4558160e-01   3.7315931e-02  -2.5439459e-01
   1.7507170e+00  -6.4566278e-01  -8.1124616e-01  -3.8223183e-01   8.4696358e-01   6.4907283e-01  -2.8693426e-02  -5.0497657e-01  -1.1354666e-01   9.6677327e-01   4.7433567e-01  -2.2308537e-01   6.7036438e-01  -5.7574403e-01   1.6860694e+00  -5.6305909e-01   5.0460011e-01  -4.4646743e-01   1.2186644e+00  -2.9320359e-01   2.0474888e-01  -3.6131582e-01   7.9436272e-01  -4.8844585e-01  -1.4340803e-01   6.3731030e-02  -2.5399527e-01  -1.0538906e-02
   2.4063011e-01  -4.7044489e-01  -1.4476262e+00  -1.9231269e+00  -1.0039993e-01  -2.1317777e-01  -9.1839415e-01  -1.1291077e-02   1.4171186e-01   4.4032957e-02   4.2823794e-01   2.0773271e-01   2.0086553e+00   9.9030048e-01  -2.6040358e-02   3.2551649e-01  -9.1587430e-01   6.3376814e-01  -1.3520089e-01  -9.0078197e-02   3.9208648e-01   9.0625152e-02   2.7848154e-02   3.7535943e-02  -4.1347584e-01  -2.3333827e-01  -4.2931692e-06  -2.5056439e-02
   5.5303407e-01  -9.0638059e-01  -2.4405009e-01   1.2090269e-01   1.9396373e+00   2.2954777e-01  -4.1711497e-01  -3.4093213e-01   1.2778063e+00  -3.0891827e-01  -4.4733328e-01  -5.4411523e-02  -1.3261339e-01  -3.3068374e-01   8.4930018e-02   4.2956376e-01   1.6856645e-01   8.6387284e-02   9.9381715e-01   1.0908446e+00   1.1325438e-01  -1.7710464e-01   9.6223450e-01  -5.3246242e-01   1.8445332e-01  -2.9747671e-01   1.4185551e+00  -9.1731763e-01
  -1.3595566e-01   6.7494370e-02  -2.1717188e-01  -2.8960505e-01  -3.4738740e-01   5.7454097e-01  -1.6326805e+00  -5.4457670e-01   3.5667449e-01   6.6813402e-02   1.6255729e-01   1.0459005e+00   5.0710797e-01   2.6897925e-01  -3.3056828e-01   1.3796836e+00   3.0565318e-01   5.4866642e-01   9.0651989e-02  -1.5756446e-01   9.9437642e-01  -1.2164813e-01  -8.4977597e-02  -3.8308430e-01   1.9614795e-01  -2.1513906e+00  -7.6523191e-01  -3.1971812e-02
   6.2987584e-01   4.0653283e-03  -7.9963654e-01   2.7084759e-01   1.2070147e+00  -3.0409759e-01  -1.4254951e+00   8.9511454e-01  -1.7923535e-01  -6.5922326e-01   6.1939436e-01   7.3688996e-01   9.4234097e-01   5.7790443e-02   4.4910911e-01   1.8244286e-01   5.5607480e-01   1.6469095e+00   4.3465355e-01   1.2878890e+00   2.3085001e-01  -1.9481838e-01   2.2720359e-01  -1.3870314e-01   3.8515016e-01   6.5933007e-01   3.7949359e-01   4.7943577e-01
  -2.1968486e+00   1.9215384e-01   6.7948908e-01   8.8670897e-01   2.2903387e-01   9.3231207e-01   3.5317183e-01  -4.8362687e-01   8.4551707e-02   1.8455428e-01   4.0573373e-02  -2.0042459e-02   2.8724814e-02   1.8806849e-01  -5.4805309e-01   9.5874429e-02  -1.8804088e-01   1.7333220e-01  -5.0611514e-01  -2.1215928e-01  -2.5013605e-01  -5.8443421e-01   9.7588944e-01  -8.8281727e-01   1.2534842e-01  -8.0784738e-01   1.6892798e+00  -4.4187960e-01
   5.2886933e-01   1.1358602e-01   2.1892448e-01  -4.2992681e-01   1.6533204e+00  -1.0784383e+00  -5.3653181e-01  -1.4554789e+00   6.8507677e-01   1.4647645e-01   2.3775619e-01  -4.7048336e-01   1.1859624e-01  -9.6778780e-01   1.2127736e+00   2.2982995e-01  -1.1075383e+00  -2.3105029e-02   9.6808635e-02  -1.4869093e+00   1.7949723e-01   1.0862426e-01  -1.3203998e-01   3.5845870e-01  -2.7522209e-01  -1.4998078e-01   2.9311335e-01  -3.2758510e-01
  -8.5705286e-01  -8.0198389e-01  -9.1520876e-01   1.3287938e-01   2.4849004e-01  -7.0761621e-02   9.8300777e-02  -2.1173714e-01  -3.0626267e-01  -1.3734465e+00  -9.1921675e-01  -3.8208878e-01   3.8117522e-01   6.3559473e-01   5.1510441e-01  -1.7149126e-02   2.2043084e-01  -4.1718889e-02  -1.9586064e-01   2.4767758e-01  -3.7390146e-01  -2.3469853e-01   5.8331901e-01  -1.6246003e-01  -1.4292388e+00  -8.5916281e-01   1.9848961e+00  -6.5382665e-01
  -1.5662798e+00  -1.1090162e+00  -1.4006588e+00   4.9387521e-01   5.2113760e-01   3.3310810e-01   4.9732068e-01  -1.6628085e-01   5.7305437e-01   1.0079888e-01   3.2055280e-01  -2.6004076e-01   7.8651085e-02  -1.8441895e-01   8.6081371e-02   1.4618468e-01  -3.7713683e-01  -6.0258947e-02   9.5920041e-02  -4.6075732e-01  -1.0479923e-01  -9.6692675e-01   1.2595953e+00   1.5955383e-01  -1.1880950e+00  -2.2846055e-01   7.9421192e-01  -1.3622780e+00
   1.3486005e-01  -2.2058767e-01  -3.5384294e-01  -2.7065375e-01   3.0636412e-01  -7.5569695e-01  -1.2365867e+00  -7.4928719e-01  -6.6252887e-01   6.6967446e-01   9.6595436e-01   1.2233660e+00   1.3887310e-01  -5.5303091e-01  -7.1449834e-01   1.8437015e-01  -5.8349806e-01  -2.4632180e-01   2.3897861e-01  -2.8929964e-01  -1.8893397e-01  -5.8637166e-01   3.6442229e-01   6.8466701e-02   1.0085315e+00  -1.8049576e+00   6.5852207e-01   1.0123353e+00
   1.2472383e+00  -1.7764004e-01   7.8216143e-02   2.8772544e-02   2.0373061e+00  -4.3268248e-01   1.5625359e-01  -5.1767346e-02   6.2116706e-01  -6.0901499e-01  -9.4208829e-03  -2.7112743e-02   1.3401174e-02   4.9177849e-01   3.6212359e-02   7.3211068e-01   1.0479097e-01   4.8271593e-02  -1.1779918e-01  -8.1301600e-01  -2.2961089e-01  -2.9262332e-02   2.1838498e+00   5.7128996e-01   2.4487229e-02   9.3533605e-02  -2.9281208e-01  -7.5607973e-01
   3.1392488e-01   2.7733302e-01   2.1439092e-01   1.7366852e-01   3.8488075e-01   1.7466374e-01   2.9889271e-01   1.8866204e-01  -9.9867827e-01  -4.8690733e-01  -6.2005919e-01  -4.6756947e-01   1.6761376e+00   6.3585788e-01   9.9486446e-01   6.5837932e-01   5.3493750e-01   9.7056374e-02  -6.0957915e-01  -5.7592481e-02  -8.0900359e-01  -6.6782817e-02   1.2174797e+00   1.6660109e-01  -6.4732832e-01   9.0782642e-01   1.1523461e+00  -1.2489252e+00
   1.8168390e-02   1.0671773e+00   4.0957510e-01   2.8231665e-01   1.9086583e+00   1.1302539e-01   7.2697860e-01  -6.8660444e-01  -1.4913660e-01   5.4977220e-01   2.5546353e-02   2.9996192e-01  -1.7279631e-01   5.0071216e-01   6.5187252e-01   1.1538075e-02  -3.7434548e-01  -2.9304332e-01   9.0308172e-01  -2.0153744e-02  -8.6184669e-01  -5.6735122e-01   1.8219093e+00  -1.4173236e-01  -4.9629477e-01   2.5100663e-01   4.8104849e-01  -9.2201430e-01
  -5.0802612e-01   6.6345215e-01   2.7400804e-01   2.0484345e-02   1.5985010e+00   3.3844239e-01  -2.2712623e-01  -6.4122027e-01  -1.2129225e+00  -9.5625335e-01  -1.4862938e-01   6.6012895e-01   4.2334124e-01   6.4085847e-01   1.0241112e+00  -2.4459913e-01  -2.5986874e-01  -4.0587538e-01  -1.5661450e-01  -1.2334667e+00   4.9814722e-01  -1.1905690e-01   1.3589059e+00   5.0172395e-01  -2.7596369e-01  -2.9278746e-01  -1.1790287e-01  -1.1122206e+00
  -8.3890808e-01   8.8654250e-01   9.4526726e-01   2.6477593e-01   1.1129087e+00   7.8521872e-01   1.1322428e-01  -1.1712601e+00   3.9952818e-01   7.0997638e-01   4.4491485e-01  -6.8076825e-01   5.3798032e-01  -7.4258661e-01   1.1404524e+00   1.8405777e-01   1.1853293e+00  -7.8852121e-03   5.4286534e-01   1.1647049e+00  -2.2309522e-01  -7.8579867e-01   7.3650312e-01  -6.1358219e-01  -1.3388439e-01  -2.4566467e-01   1.5256017e-01  -2.4971139e-01
  -1.9859527e-01   1.3189381e+00   5.0537892e-02  -5.8389742e-02   2.0522623e+00   2.5909573e-01  -1.3485846e-01  -5.2200250e-02   1.0364204e-01  -3.5456803e-01   5.9167095e-02   2.1970287e-02   5.7238477e-01  -1.0928258e-01   6.8285900e-01   5.5468267e-01  -3.8076735e-01   4.1565484e-01  -1.9066184e+00  -7.4653506e-01   1.7841314e-01  -2.6474077e-01   1.2162881e+00   3.3529237e-02  -1.1270682e-01  -1.8343912e-01   2.4117236e-01  -6.8118978e-01
  -4.3196270e-01   9.3857414e-01   1.7462354e-02  -3.2202560e-01   8.5072547e-02  -4.5919999e-02   3.4409945e-04  -1.4068751e-02   2.2710200e-01   1.9554410e+00  -3.0113494e-01  -5.8902311e-01  -2.4223648e-01   1.0343653e+00  -1.9541207e-01  -4.5084822e-01   6.9933988e-02  -3.7361813e-01   4.8679404e-02  -1.1626843e+00   3.1539336e-01  -1.3686058e-01   7.8032893e-01  -4.0257120e-01  -2.9000911e-01  -7.5659519e-01  -1.2227751e+00  -1.6113211e+00
  -1.0023076e-02  -1.1203021e+00   2.8386384e-01   3.3712938e-01   1.6827376e+00  -7.6986468e-01  -2.8651768e-01   5.8735383e-01  -1.1179227e+00   6.8121988e-01   2.4859433e-01  -3.3671004e-01  -1.6183403e-01   3.7945455e-01  -6.3766903e-01   1.9952266e-01  -2.9193612e-02  -3.4493551e-01  -8.2183766e-01  -8.8487124e-01   4.4400641e-01   2.5090453e-01   1.7185661e+00  -3.8689822e-01   1.5078555e-01  -1.8404916e-01   2.0839728e-01  -1.0733503e+00
   2.7677119e-01   2.3416464e+00  -6.1085123e-01  -2.4900804e-01   2.0039266e-01   5.0229955e-01  -1.4362296e-01  -3.3378948e-02  -3.7417933e-01   7.4013573e-01  -1.4314008e-01  -1.5988727e-01   1.2866952e-01  -1.2542610e-01  -5.7996236e-02  -7.4424219e-01  -2.3251534e-01  -1.2137996e-01  -1.0730771e+00   1.7547894e-01   4.7371438e-01   2.2510748e-01   1.9295478e+00  -6.0132056e-01   9.9628828e-02  -2.7152887e-01  -1.5697572e-01  -8.0506551e-01
   1.7278741e-01   5.4623640e-01   7.4071318e-01  -2.8664109e-01  -2.7018532e-02  -7.3371395e-02  -7.2516248e-02   1.3532689e-02  -3.9799809e-01   1.2743405e+00   1.7818620e+00   6.2310898e-01   3.8537827e-01  -2.8033350e-02   2.5538483e-01  -4.6365386e-01  -1.4994173e+00   4.5599273e-01  -4.3631119e-01  -1.1080309e+00  -3.4342781e-02  -1.4393835e+00   1.0224006e+00  -9.7686656e-02  -1.3222112e-01  -4.3282834e-01   1.6682675e-01  -1.3953130e-01
  -3.7898594e-01  -1.0980835e+00  -5.3634304e-01   1.2423531e+00   4.2928454e-02   5.9068400e-01   4.3364361e-01  -4.6767858e-01  -8.7227386e-01   3.2563704e-01   8.8199967e-01   4.8310560e-01  -6.5740895e-01  -4.8462427e-01  -3.2663047e-01  -6.5441930e-01  -1.4785424e+00   9.8338038e-01  -1.6278392e+00  -1.7033263e-01  -5.9956282e-01  -3.3127668e-01  -1.5547828e-01  -6.1825126e-01  -2.7179018e-01   2.6394951e-01  -3.5498360e-01  -6.7547008e-02
  -1.5619961e+00   4.1321474e-01   8.9259505e-01  -1.4101960e-01   1.0397710e+00  -2.8313899e-01  -6.1658806e-01   5.3006399e-02  -9.7648185e-01   7.3694967e-02   5.8488256e-01   2.9711982e-02  -3.7456700e-01   3.8146745e-02  -5.5184197e-01   2.9687580e-01  -1.0990615e+00  -3.0548736e-01  -1.8080437e+00  -1.3161580e-01   7.5247651e-01   2.7981153e-01   1.1742202e+00   1.7547300e-01   9.6966475e-02  -4.1503099e-01   8.2451351e-02  -6.0169351e-01
  -9.1288978e-01  -5.3632736e-01  -3.0355498e-01   6.7840260e-01   7.4491125e-01  -1.4135976e+00  -1.0573456e+00  -2.5123784e-01   7.7129608e-01   5.8018100e-01   2.2634453e-01  -5.6020451e-01  -1.4454000e-01   1.2163892e-01  -4.8299512e-01   3.0186942e-02   3.8705695e-01  -1.2419019e+00   1.7456682e+00   1.3324015e-01   2.5412092e-01  -5.2700531e-01   9.0558213e-01   1.3019355e-01  -2.9425457e-01  -4.8745033e-01   5.9665495e-01  -6.3963360e-01
  -8.6913943e-01   2.7181497e-01   1.3960502e-01   1.8091588e-01   1.5810196e+00  -2.8323175e-02  -1.7133069e-01  -3.5355878e-01  -1.2442178e+00   9.3601507e-01   2.9418367e-01   2.3735836e-01   4.0934929e-01   8.1583548e-01  -9.1872320e-02   2.6779175e-02   1.5249664e-01   5.2495923e-02  -2.6478544e-01   5.6019682e-01   5.5130560e-02  -4.2930564e-01   1.7332089e+00  -4.1665557e-01  -5.1228821e-02  -4.4379434e-01   1.6268376e+00  -6.5820450e-01
  -1.8637225e-01  -5.9734237e-01  -5.0995982e-01  -1.2081736e-01   1.1477572e+00  -1.5529798e+00  -6.8847585e-01  -1.4933368e+00  -2.1149933e-01   4.7912118e-03  -2.4200647e-01   1.8667811e-01   4.1228157e-01  -4.4065192e-01   1.5133609e-01   4.6701452e-01   6.8802369e-01   5.1904164e-02  -5.4434258e-01   7.5678384e-01   6.2304986e-01  -1.2668055e+00   8.4861606e-01   1.4472253e+00  -3.1914130e-02   1.9307751e-02   2.6409058e-02  -5.0306130e-02
   6.7602175e-01   4.3455398e-01   1.4378290e-01   9.7572929e-01   7.7201807e-01   1.5507866e-01   5.2749395e-01   8.4773988e-01  -4.8133117e-01  -8.6903685e-01   3.3507559e-01  -1.2365944e+00  -4.8591080e-01   2.1781717e-01  -2.5748336e-01  -3.9328364e-01  -4.6266925e-01  -1.0278695e+00  -5.9952319e-01   8.2479292e-01  -9.4989794e-01   1.2488422e+00   1.3052026e+00   3.4991693e-02   1.1493864e-01   8.4731138e-01   4.5864722e-01  -4.6163598e-01
   1.2150979e+00   8.4015191e-01  -7.9093114e-02  -7.0486921e-01   4.7894898e-01   7.0479029e-01   1.5793811e-01  -4.5999533e-01   1.4320720e+00   6.0162437e-01  -1.6626588e-01  -7.5519997e-01  -1.3003460e-01  -9.1343254e-01   6.9213593e-01  -1.3391856e+00   6.7235082e-01   8.2831390e-02   9.0621871e-01   1.1110879e+00   4.2158827e-01  -4.1811395e-01   1.1398278e+00  -1.2234971e-01  -2.2011846e-03  -1.2661847e-01  -6.9826566e-02  -1.2296469e-01
   1.6340676e-01  -1.6366734e-01   9.4580248e-02  -1.8753599e-01   1.4474907e+00   9.8997593e-01   1.7013375e+00   2.3507582e-01  -3.8778371e-01   3.3226240e-01  -2.6565352e-01   4.6107367e-01  -1.7777528e-01  -1.4021683e+00   8.3042979e-01   1.0410451e+00   7.8332835e-01   8.6869252e-01  -1.1743737e+00  -4.8433703e-01  -2.4966314e-01  -2.4905057e-01   3.7720966e-01   5.3085297e-02   1.7956224e-01  -2.9655421e-01   2.2919212e-02   4.3607283e-01
  -2.8610887e-02  -1.8530060e-01  -1.9549491e-01  -1.7581528e-01   3.9528725e-01   1.3219798e-01   1.5513545e-01  -3.5998505e-01   1.1415431e+00   8.8193494e-01   1.0639448e+00  -8.1388998e-01  -5.2814990e-01  -1.2676176e+00  -1.1865522e+00   1.8996486e-01  -5.5570626e-01  -7.9589635e-01   9.0530151e-01  -5.3055751e-01  -1.5957952e-01  -9.5091146e-01   1.1290784e+00  -1.2395786e-01   3.5489473e-01  -9.0910995e-01   9.9641120e-01   3.9337689e-01
   4.9886170e-01  -7.4469781e-01   3.4606245e-01  -1.6842778e+00   8.6991012e-01  -1.7730300e-01   1.3002503e+00  -8.9838386e-01  -2.1557643e-01   3.8485985e-02  -1.2411779e-01   1.5379633e-01  -9.1626012e-01  -1.8114465e+00   8.2261848e-01   6.8149352e-01  -3.5790846e-01   8.4233534e-01  -5.4989520e-02  -4.8232061e-01  -4.3205792e-01  -4.1910201e-01   3.3583578e-01   7.9111032e-02  -1.7258199e-01  -9.9116229e-02   9.8286226e-02  -3.3936106e-02
   5.5088830e-01  -2.6095960e-01  -1.2671213e-01  -7.0399433e-02   1.6774032e+00   3.0127686e-01  -3.9347179e-02  -3.3256146e-01   9.1804719e-01   9.6882725e-01   1.4594148e-01  -2.1529314e-01  -1.0127308e+00  -6.5167624e-01   2.7787995e-01  -2.3655151e-01   1.1040873e-01  -4.1808773e-02  -3.6683939e-02  -3.8968474e-02   1.8129981e-01  -6.5071934e-01   2.4560034e+00   2.4589193e-01   1.1743747e-01   9.0530448e-02  -3.4310734e-01   6.7306536e-01
  -6.0102111e-03   6.0728504e-03   2.4688443e-02  -9.0983413e-02  -5.0092768e-02  -8.4758485e-03  -6.6095024e-01   2.5786883e-01  -9.7824171e-02  -9.9946288e-03  -9.9774641e-01   5.8893210e-01   3.2734405e-02  -1.8610029e-01   5.2621359e-01  -2.1793354e+00   9.4020331e-01   3.7185633e-01  -6.0722109e-02  -4.8162248e-02  -2.8383483e-03  -4.1518274e-01  -3.5345390e-02   5.6283575e-02   2.2960773e+00  -6.9667512e-01  -3.2844791e-01  -2.6797006e-02
  -5.8483994e-01   7.0696056e-02   5.3894734e-01   1.1308976e-01   1.8541992e-01  -2.4672222e-01  -2.3055989e-01   1.9898941e-01   1.2481968e-01  -1.4010943e+00  -6.6335809e-01   1.3160796e+00  -6.4313018e-01  -7.8372908e-01   2.8140706e-01   9.5285547e-01   2.4885558e-01   4.9938241e-01   2.9186234e-01   4.8715428e-01   6.0996103e-01   1.3977905e-01   6.4981467e-01   1.2774903e-03  -8.2490611e-01   1.4723611e+00  -6.3606364e-01   1.5150640e+00
   3.8147101e-01   5.5069208e-01  -3.9261839e-01  -1.0068913e+00   9.7075224e-01  -5.8457092e-03  -1.5423567e+00  -5.6279385e-01   3.0829990e-01  -2.7282950e-01  -6.5155345e-01   3.0307779e-01   2.3589386e-01  -6.0362929e-01   5.2382314e-01   6.7905980e-01  -7.0731235e-01   6.9950014e-01  -5.8631444e-01   8.8563830e-02   1.1932179e+00  -1.1176535e+00   1.0347512e+00  -1.3854533e-02   3.6858368e-01   1.1049715e+00  -2.5625557e-01   6.2956524e-01
  -5.8964288e-01  -5.0859118e-01  -1.3256192e-01   2.9096633e-02   2.1375086e+00  -5.5634373e-01   5.9210811e-02  -2.7689821e-01  -2.4613768e-02  -7.7147192e-01  -1.4906426e-01  -2.4532074e-02  -8.1191927e-01  -3.9919350e-01   3.3753237e-01   2.6979935e-01   1.3413785e-01  -7.9116020e-03  -1.6648084e-01  -6.0319239e-01  -1.6424406e-01   1.4499965e-01   1.8644999e+00   2.1367957e-01  -1.5393537e-01   1.0535517e-01   1.6498721e+00   2.3707891e-01
  -3.6838204e-01  -3.8442397e-01  -6.2873594e-02  -2.4111763e-01  -2.2054912e-01  -2.1973710e-01  -8.9573018e-02  -1.8193908e-01  -1.8844136e+00   2.0342712e-01  -7.4400163e-01  -6.4531547e-01   8.3056659e-02  -1.0511463e+00   7.9734606e-01  -5.4190439e-01   7.6556975e-01  -6.0461915e-01  -1.7159024e+00  -7.4131660e-02  -6.0512727e-01   5.6130564e-01   1.1520365e+00  -3.9460361e-03  -4.7725868e-01   2.3388761e-01   8.0223548e-01   2.7710864e-01
  -1.3841065e+00   7.3601147e-03   4.0117225e-01  -6.3680582e-02   1.6631726e+00  -4.4142279e-01  -4.9215856e-01   1.9844817e-01   8.9306813e-01   7.6043433e-01  -3.1684443e-01  -1.4618710e-01   4.6364266e-01   1.8814671e-01  -4.0345100e-01   7.2509959e-02   3.4281075e-01   4.1033882e-01   1.0253080e+00   1.5490410e+00   2.7267250e-01   1.4547662e-02   1.1707124e+00  -7.2754189e-02   1.4834748e-01   3.3843303e-01   3.7696356e-01   1.1379218e+00
  -7.5617631e-04   8.2165182e-01   1.5345396e-01  -9.6804291e-01   1.2316442e+00   1.1750814e-01  -1.3543043e+00  -3.6321291e-01  -8.8283366e-01   1.5692130e-02   8.7694633e-01   2.2500123e-01   3.2911402e-01  -6.4001071e-01   7.0286715e-01   7.8473732e-02  -5.9688407e-01   1.2428466e+00  -8.7942594e-01   9.2039269e-01   7.9932743e-01   6.5922910e-01   5.5267322e-01   6.9045448e-01   3.0261946e-01   6.5615249e-01   1.1862126e-01   5.8024406e-01
  -9.0693891e-01   5.4135108e-01   2.4794462e-01  -1.2648022e+00   1.3043166e+00   1.1614341e-01  -1.1828176e+00   1.0506715e+00  -2.4390276e-01  -3.8668612e-01   5.1265287e-01   1.0600386e-01  -4.1944194e-01   7.7622139e-01   5.1979858e-01   3.5187435e-01  -7.4611598e-01   5.9858996e-01   1.9302945e-01   7.4809182e-01  -4.1358623e-01   1.1991546e+00   7.9123104e-01   6.6383922e-01  -7.3036528e-01  -3.5319489e-01  -4.7207668e-01   5.3036600e-01
  -1.2953092e+00   7.3598081e-01  -1.1044519e+00   1.8479812e-01   1.2708760e+00   5.4368728e-01   7.6418573e-01   5.8023226e-01  -4.5533115e-01   1.9945863e-01  -3.2959792e-01   1.6761044e-01   1.4487158e-01   3.8292244e-01   3.8152677e-01  -1.9309889e-01   1.1272756e+00  -5.6954056e-01  -1.7415875e+00  -8.9360878e-02  -3.1068575e-01   1.8629961e-01   5.1628834e-01  -1.0094456e-01  -1.2480917e-01  -8.4446418e-01  -2.3320439e-01   1.0646914e+00
  -7.5529706e-01   2.8543627e-01  -1.7126676e-01  -8.4928736e-02   1.6460885e+00   9.1855168e-01   1.5648134e-02   5.2333444e-01  -2.2988734e-01   1.3711815e+00  -3.6034998e-01   2.9716301e-01   7.1663368e-01  -2.3325537e-01  -5.8822459e-01  -2.2778130e-01   1.7570412e-01  -8.6755097e-02  -7.3754144e-01  -7.9624510e-01  -2.3492563e-01   4.4541585e-01   2.1770475e+00  -3.6011940e-01   3.2633673e-02  -2.6449133e-02   1.4224637e-01   7.6499917e-02
  -2.1647112e+00  -5.0397545e-01   1.3575099e-01   3.5571530e-01   6.3719612e-01  -7.9190576e-01  -2.3579174e-01   1.9870402e-02  -7.9531920e-01   5.3172517e-01   2.4681860e-01  -1.5835270e-02  -2.1095665e-01   5.5089455e-02   7.1857023e-01  -3.4520575e-01  -1.0869832e-01  -1.1596410e-01   5.7670242e-01   5.7124597e-01  -1.2453899e-01  -1.4096557e-01   1.5120767e+00   1.5413889e+00  -1.9633060e-02  -5.5401865e-02   2.7907109e-01   8.3864307e-01
   4.5585852e-02  -7.1467596e-01   2.8808919e-01   2.5314766e-01   1.1641285e-01  -1.4156687e-01  -1.0978830e-03   9.1117121e-02   6.9555765e-01   2.0442669e+00  -1.2485888e+00  -1.8776545e-01   1.6675168e-01  -4.7761032e-01   3.5103080e-01   8.3424315e-02   4.5976242e-01  -2.0671742e-01   5.5788547e-01  -8.0937999e-01   1.6580635e-01   9.9950016e-02   4.1956118e-01  -1.4821190e-01  -6.6532284e-01  -8.9474684e-01  -1.9693413e+00  -2.7851391e-01
   2.2811225e-01  -5.3246605e-01  -8.6940244e-02   1.3973530e-01   1.6989096e+00   1.2113792e+00  -3.2971618e-01  -2.3140955e-01  -1.9519792e-01  -1.4543672e+00   6.4412169e-02   4.0658849e-01  -2.4789366e-01   1.8902907e-02   3.9185041e-01  -1.0476227e+00   1.0238324e-01   2.0539807e-01   3.5359755e-01   1.8403479e+00   1.1386690e-01   5.9962235e-02   9.1117769e-01   2.7930611e-01  -1.6116592e-01   2.0223370e-02  -9.6441555e-01   1.9965850e-01
   1.4527363e+00  -7.0433038e-01   2.5292057e-01   6.0410011e-01  -1.8933843e-01  -1.1632649e+00   4.1985515e-01  -8.6272642e-02   1.3618791e+00   1.3834488e-01  -8.1982963e-02   6.0949606e-01  -5.8779955e-01   4.5952430e-01   7.6028001e-01   1.2136439e+00   1.4112812e-01   6.3519597e-01   1.7467918e+00  -6.5249465e-02   1.6634332e-01   8.2849659e-02   1.3483541e-01  -4.5254141e-01   8.7901659e-02  -3.2903895e-01  -7.6890409e-01  -2.9745856e-01
   3.1003103e-01  -1.4590380e-01   2.0475088e-01  -7.7503699e-01   4.7685012e-01  -1.0911559e-02   6.1462379e-01  -9.2273337e-01  -6.6337192e-01   3.6554438e-01   7.5523973e-02   2.0325766e+00  -4.9341455e-01  -1.1316592e+00   5.4832411e-01   1.7610216e-01  -4.0131032e-01   2.0515194e+00  -6.5816635e-01  -4.4802761e-01   7.3617816e-02   4.9251433e-02  -5.7197628e-03  -7.3045880e-02  -2.9867470e-01  -3.0076343e-01   8.8938214e-02  -1.1073142e-01
   1.5285650e-01  -6.6604555e-01  -4.7971523e-01   2.3699923e-01   1.4494559e+00   4.6091449e-01  -4.4488490e-01  -1.1359570e+00   6.0191005e-01  -9.0192217e-01  -8.9072073e-01   9.7765494e-03   6.6024560e-01  -1.0228473e-01   9.7357005e-01  -1.7253809e-01   1.1908211e+00  -4.9627602e-01   1.1935533e+00   9.2484558e-01   8.1139469e-01   4.4956499e-01   4.3738354e-03   1.0478047e+00  -2.6898128e-01  -1.8479833e-02  -1.0490932e-01  -2.5586727e-01
   5.4529464e-01  -3.1240657e-01   7.5846180e-02   1.9496000e-01   7.5380492e-01  -5.4801762e-01   1.6859111e-01   1.9181783e-01  -1.9281315e+00  -1.1071644e+00   2.4437423e-01  -5.9987581e-01  -1.0777973e-01   2.3392871e-02   5.0036168e-01   5.8267909e-01   4.8556656e-01  -5.8371055e-01  -1.4578258e+00  -1.4942019e+00   2.0316654e-01   3.3246246e-01   8.7067771e-01  -5.9943449e-01  -8.3074033e-02  -2.1363719e-01  -6.2065488e-01   1.4513847e-01
   1.3201170e-02  -1.3272764e-01   1.0697696e-02  -2.0771341e-02   1.3449492e+00  -8.0670089e-01   1.1241832e-01   2.9605350e-01   1.8984164e+00  -4.9945354e-01   1.7459601e-02   4.6155578e-01  -8.0925018e-02  -6.7567044e-01   2.4598613e-01   5.0011313e-01  -2.6506245e-01   2.1120563e-02   1.2450984e-01   1.6414694e+00   6.3426211e-03   3.2040846e-01   1.6672541e+00  -9.8290473e-02  -3.7580911e-02  -1.7668794e-01  -9.3588561e-01  -1.8671370e-03
  -6.0146004e-01   6.8791986e-02   3.8675281e-01   1.4742509e-01   1.2346554e+00  -3.3139396e-01  -8.4726793e-01  -1.3722694e-01  -1.2489173e+00  -5.6057185e-02   6.7057395e-01   4.0056100e-01  -9.7454542e-01  -3.2399347e-01   4.7040465e-01   3.4876409e-01  -4.8781469e-01   2.0949759e-01  -6.6898841e-01   2.2819151e-01   5.8851761e-01  -2.3314364e-01   8.6287969e-01  -3.8150948e-01  -1.0170180e+00   8.1534261e-01  -1.6217995e+00   1.0578268e+00
  -9.8750007e-01  -7.1781468e-01   2.1203578e-01   1.9956221e-01   2.1932881e+00   2.3905918e-01  -5.2257323e-01  -2.0519100e-01   5.5067295e-01   3.7349108e-01  -2.2951187e-01  -3.6317445e-02  -3.3182451e-01   8.1178837e-02   6.2819147e-01   2.0265245e-01   9.1302052e-02  -5.2701756e-02   8.3646482e-01  -7.0288402e-01   2.4746998e-01  -5.4005086e-02   2.1634905e+00  -4.0014079e-01  -8.0540381e-02   2.7055990e-02  -2.6350290e-01  -7.9906955e-02
  -6.5078789e-01  -6.6724533e-01  -2.0430177e-01  -3.4661353e-01   6.7899132e-01  -1.3348724e-01   3.2136968e-01  -9.1124084e-03  -1.3711601e+00   1.1612742e+00  -7.3297179e-01   3.7364987e-01  -3.4370348e-02   9.1253299e-01   3.1225461e-01   6.0413208e-02   4.8546037e-01   3.3982363e-01  -7.1880758e-01  -7.2512394e-01  -1.0088730e+00   2.6738408e-01   2.0649524e+00  -1.6132975e-02   3.3658174e-01  -1.9004466e-01  -7.6895398e-01   2.4222809e-01
   2.1463023e-01   3.6853209e-01  -4.3746683e-01   2.4910572e-01   1.0596282e+00  -2.6836371e-02   1.3996942e-02   1.3972181e+00   8.0295080e-01  -7.2888321e-01   9.6724457e-01   1.0004965e+00  -3.8242802e-01   4.4683356e-02  -1.1358147e-02  -5.7453221e-01  -1.2220274e+00   1.3198137e+00   9.9179697e-01   9.0185720e-01  -1.6191983e-01   8.0012292e-01   6.4107066e-01   1.2718178e-03   6.1851013e-01  -2.9344201e-01  -2.4622783e-01  -5.0869924e-01
  -3.1433481e-01   1.9177043e-01  -3.6043249e-02   1.7272843e-01   2.1405172e+00  -2.1940877e-01   6.2912607e-01  -9.0359920e-01  -8.8185620e-01   2.5492176e-02  -3.5811815e-01   3.9663443e-01   1.4798805e-01   8.6015314e-03  -1.6662544e-01  -7.5074208e-01   6.0599595e-01   4.4892207e-01  -1.3852767e+00   9.5372863e-02  -6.3598454e-01  -6.3541502e-01   1.6727287e+00   4.6642311e-02   1.4587519e-01  -1.8946648e-01  -1.5483856e-03   3.8902923e-01
  -6.8841034e-01   1.2377489e-01   6.2928092e-01   6.4371228e-01   5.7798547e-01   2.8369889e-01  -1.0083771e-01  -8.0463886e-01   1.3198649e+00   1.1297264e-01  -8.7595779e-01  -1.3225583e+00  -2.0672154e-01  -9.9799311e-01   4.3508926e-01  -7.3720831e-01  -5.2471101e-01  -1.5027481e+00   6.3797194e-01  -1.1498373e+00   6.6440374e-01   4.3152881e-01   1.3477571e-01   6.7163980e-01  -3.6128137e-01   1.0460878e-01  -2.4256895e-01  -1.5983906e-01
  -9.4563723e-02   1.9783737e-01  -9.2094608e-02   3.2689799e-02   6.7769593e-01  -4.9894738e-01   5.0649577e-01   3.7617341e-02  -9.8132312e-01  -1.4611117e+00   3.5415125e-01  -1.1154432e+00  -8.3885074e-01  -6.6475523e-01   2.8871238e-01  -1.4758882e-01   1.1937605e-01  -6.0518527e-01  -8.2921356e-01   5.1140195e-01  -4.9552590e-01   1.1377819e+00   1.9245298e+00  -6.7537600e-01   2.7361274e-01  -6.9481932e-02  -3.1778356e-01  -2.1831644e-01
   1.5791869e-01  -2.8110287e-01  -6.0775992e-02  -1.4290495e-01   6.5306669e-01  -5.5433285e-01   9.1507837e-02  -5.0852340e-01   8.0885291e-01   1.4872848e+00   1.0628419e+00   4.8346385e-01  -1.1661929e+00  -5.4376800e-02  -6.2602007e-01   1.1856764e-02  -5.6421918e-01  -3.4203570e-02   7.7576989e-01  -6.7691869e-01  -5.1274431e-01  -9.7571242e-01   1.6700163e+00   5.6494671e-01  -4.0838167e-01   4.8148584e-01  -7.5017303e-02  -8.8301629e-01
  -3.1168428e-01   3.3903360e-01   3.1020868e-01   1.3950500e-01   6.3132858e-01   4.8279682e-01   1.0660589e-01  -6.3545305e-01  -1.2158726e+00   1.4530853e+00   1.3462757e+00   4.1035521e-01   6.0199636e-01  -1.2256686e-01   1.3901430e-01   2.8206855e-01  -7.2041440e-01   9.9512720e-01  -1.7067820e+00  -1.6883032e-01   5.5361223e-01  -4.0449700e-01   8.8056207e-01   4.8994282e-01  -2.0635483e-01   4.0872133e-01  -6.4550859e-01  -1.2523088e-01
