   4.5533201e-01   7.6359272e-02   5.8704052e-02   9.6139714e-02   2.1389120e+00   1.3512582e-02   2.6368332e-01   3.3866856e-01  -8.7909788e-02  -2.0691171e-01  -2.5439885e-01  -9.5834799e-02  -2.1602616e-01   3.2143438e-01   2.1153698e+00   2.9259846e-01   9.0060964e-02  -5.5463936e-02  -2.2619408e-01   3.4295008e-01
   6.8710214e-01   4.3767694e-01   1.4784896e-01  -1.6303290e-02   1.8796288e+00   2.3784752e-01   2.5568119e-01  -1.3749562e-01   7.8084528e-01  -2.1523285e-01  -3.4536919e-01  -6.4065552e-01  -2.5230873e-01   5.3129443e-03   1.5212148e+00   5.8172697e-01   5.5088956e-02  -1.5487820e-01   8.4143639e-01   1.0016794e+00
   7.7886581e-01  -4.5481679e-01   2.4987337e-01   1.3437943e-01   1.5884752e+00   4.1391334e-01   1.8485402e-01   4.5945472e-01   9.5946747e-01   4.3153885e-01  -8.7375700e-01   7.8168553e-01  -4.8610890e-01  -9.1496386e-02   1.2084968e+00  -4.5992589e-01  -4.8981335e-02   3.7155768e-01   9.9758792e-01  -7.9534543e-01
   4.7098392e-01  -6.0660236e-02  -1.6238180e-01  -2.6010486e-01   8.1651199e-01  -7.8174061e-01  -5.6069994e-01   8.9983143e-02   1.4043097e+00  -7.5453901e-01  -2.4233019e-01  -1.2093798e+00  -1.6356566e-03   2.5689542e-01   2.8420842e-01   2.6347360e-01   8.2145000e-01  -4.6313199e-01   1.5014931e+00   8.1086272e-01
   9.1294146e-01   4.3271297e-01   2.7546957e-01   2.6189438e-01   1.7225677e+00   2.9740763e-01   4.9157757e-01   2.7334258e-01   2.8724310e-01   4.6216640e-01  -4.5347992e-01  -2.9728938e-02  -7.1878797e-01   6.2987097e-02   1.8890622e+00   1.1903189e-02   7.4010395e-02   3.1843328e-01   3.8118309e-01  -7.8653497e-01
   1.4250481e+00   1.0756063e+00  -1.7139636e-01   1.6573668e-01   1.0503917e+00  -1.2958679e-01  -1.3249656e-02   9.5506109e-02   6.7015451e-01   2.2204214e-01  -5.9366405e-01  -1.1491126e+00  -3.6265087e-01   2.3620141e-01   1.5018959e+00   7.8538561e-01   7.6496027e-02  -2.5002707e-02   5.9844410e-01   1.7407918e-01
   1.0694960e+00  -3.0579102e-01  -4.5661699e-02   4.1349030e-01   1.1942103e+00  -3.1048080e-01  -1.6926709e-01   4.6251041e-01   7.9328644e-01   9.4503587e-01  -1.5837194e-01   5.6926739e-01   3.8163519e-01   1.5135461e-01   8.3172244e-01   1.7586598e-01   7.4105465e-01   4.6569663e-03   1.2166665e+00  -1.4255730e+00
  -4.0056753e-01  -3.4081152e-01   9.0270624e-02   4.9774565e-02   1.3856844e+00  -3.1424633e-01  -3.6083135e-01  -1.8560424e-01   1.4335948e+00   5.3489149e-01  -3.9085269e-01   1.1210527e-01   9.9010542e-02  -1.6055657e-01   3.7161836e-01  -1.2784567e-01   2.0422858e-01  -5.3472215e-01   1.5544564e+00  -1.4452033e+00
   7.9574913e-01   8.9637369e-01   2.2075267e-01   5.1610947e-01   1.1755626e+00   1.0825311e-01   4.2784041e-01   1.8320474e-01  -5.7407969e-01   1.0060859e+00  -8.4937018e-01  -4.0791586e-01  -3.5708863e-01  -2.5305569e-01   6.7602158e-01  -7.5192414e-02   6.8366498e-01   4.1098407e-01  -1.6536726e+00  -6.1900818e-01
  -7.4966000e-03   1.9564831e+00   5.1864393e-02  -9.7511232e-02   9.0804178e-01  -7.5798042e-02  -2.7987275e-02  -4.4738341e-02  -4.3132272e-01  -1.6106023e-01  -3.4519622e-01  -6.4059705e-01   1.9498508e-01  -2.9659623e-01   1.8546379e+00   3.1119826e-01   5.0466720e-02   3.6276754e-02  -9.1178173e-01   2.9600662e-01
   3.6841410e-01  -9.9012399e-01   1.0893816e-01   3.5010928e-01   1.2832197e+00  -3.0244300e-01  -3.3183855e-01   2.4683191e-01  -7.6030636e-01   1.0357575e+00  -1.1540312e+00  -5.3609979e-01   4.0455395e-01  -3.6988315e-01   9.6343297e-01   3.1611854e-01  -9.7844973e-02  -4.2998919e-01  -5.3809351e-01  -1.3257617e+00
  -1.3071152e+00  -5.2539617e-01  -4.6259952e-01   2.2675386e-01   1.1471282e+00  -1.6925932e-01   2.7676815e-01  -3.5582128e-01   4.3616429e-02   1.1965833e+00  -1.7075317e+00   3.9214519e-01   2.5304145e-01  -3.1137243e-01   5.6937420e-01   7.9723495e-01  -1.3961157e-01   2.3805077e-01   3.9574924e-01  -5.8783066e-01
   1.3852801e+00   8.4005505e-01   6.6052568e-01   1.1250488e+00   2.8921476e-01  -1.5333429e-01   1.4090905e-01  -1.5995982e-01   6.3533783e-01   2.3341553e-01  -3.5757282e-01   5.1744688e-01  -9.8505580e-01   8.6695030e-02   1.2787991e+00  -6.7342475e-02   6.1727339e-01   6.7166644e-01  -4.5287812e-01  -1.0059615e+00
   2.5031728e-01   1.5039724e+00  -1.0859523e-02  -1.5619715e-01   1.2857950e+00  -3.6781630e-01  -6.0282778e-02   3.8516361e-02  -1.3630320e-01   8.6826992e-01  -1.2264686e+00  -9.9698412e-01  -6.0603611e-02  -3.0608079e-01   1.3139559e+00  -6.9472171e-02   2.2357196e-02  -1.2853476e-01  -3.6905420e-01  -7.7759707e-01
   1.7024828e-01  -3.7349850e-02   4.3476488e-02   2.4423303e-02   1.9765724e+00  -4.7026981e-02   2.9307187e-01   4.8948857e-01  -1.9912952e-01   8.8925833e-01  -2.9564911e-01   5.5097109e-01   8.3854161e-02   1.6916424e-01   1.1407635e+00   1.1867197e-02   4.3671709e-01   6.1388109e-02  -5.8538157e-01  -1.6238512e+00
  -5.9710211e-01   2.4541339e-01  -1.1747363e-01  -1.6906705e-04   1.7875673e+00   4.9314582e-01   1.4825575e-01   3.4562233e-01   2.1829771e-01   8.9029324e-01  -9.5385844e-01  -1.4945205e-01  -3.5408339e-01  -3.1003353e-01   1.4071084e+00  -1.0848933e-01   9.2977621e-02   2.7246171e-01   4.6129760e-01  -1.3069290e+00
   1.5535246e+00   8.4200555e-01  -1.6179007e-01  -1.9008088e-01   1.1662142e+00   2.4387941e-01  -1.4691353e-01  -2.0914633e-02   2.4773091e-01  -4.3232745e-01  -2.2981191e-02  -1.4842410e-01   3.2290238e-01  -2.3833415e-01   1.8788218e+00  -1.2559286e-01   1.2420874e-01   1.8243019e-01  -9.8477207e-02   1.1565773e+00
   1.4353769e+00  -1.1857514e-01  -1.7664842e-01   4.1814789e-01   1.1117263e+00   6.9630420e-01  -3.0105451e-01   1.9968893e-01   5.7075083e-01  -4.9660429e-01  -6.1177757e-02   6.6260062e-02   9.2136055e-02   2.7884179e-01   5.7466924e-01  -6.0722340e-02  -1.9983456e-01   7.1155477e-01   1.3708103e+00   1.5627706e+00
   1.4392892e+00  -6.8588722e-01  -5.8271188e-01  -5.1056588e-01   1.0680919e+00  -3.9316684e-02  -2.8043076e-01  -5.2049547e-01   3.2275796e-01   4.6985042e-01  -7.2733182e-01   3.5406077e-01   6.1143193e-02  -9.4999510e-01   1.7891153e+00  -1.9790575e-01   2.3947784e-01  -1.6470431e-01   3.9436111e-01  -1.4879708e-02
  -1.1050980e-01  -2.9818696e-01  -3.6439702e-02   1.1167137e-01   1.8460988e+00  -2.4811689e-02  -2.1638121e-01  -4.8664412e-01   7.1182638e-01  -8.7909222e-01  -9.5248270e-01   4.3724215e-01  -2.3555054e-01   4.9336813e-03   1.0326174e+00  -6.8844736e-02   3.5370773e-01  -1.7337640e-01   1.1317858e+00   1.1190071e+00
   3.3503455e-01  -1.5867217e+00  -4.3417329e-01  -8.6346459e-01   4.0654212e-01   5.8720585e-02   3.0285215e-01  -5.0975136e-03   1.6049378e-01  -1.0323439e+00  -8.4715509e-01   1.3399790e-01  -4.1677046e-01  -6.1021812e-02   7.3048091e-01   2.5132713e-01   9.2735291e-01  -2.6915318e-01  -1.5270672e+00   5.5663997e-01
   5.4753822e-01   3.3016306e-01   2.2126434e-02  -1.0744420e-02   1.8144970e+00   1.0706228e-01   1.4896958e-02  -4.7299020e-02  -4.3649912e-01  -1.0275836e+00  -2.2296371e-01   2.2319053e-01  -6.1083410e-02   1.8125035e-01   9.2546743e-01  -2.1154182e-01  -4.6058133e-02  -4.6573911e-02  -3.8626915e-01   1.9613682e+00
   3.1214038e-01  -1.0307270e+00  -1.6209012e-01  -2.1419539e-01   1.7128009e+00   2.3454978e-01   3.5993066e-01  -3.2643738e-01   2.7718008e-01  -5.7005608e-01  -4.5054963e-01   2.7967036e-01  -5.7475114e-01  -1.3637249e-01   1.8389910e+00   1.9782197e-03   1.9196044e-01  -2.5276783e-01   2.5095084e-01   9.8267853e-01
  -8.6387701e-02   6.4881645e-02  -7.2746910e-02  -6.0450833e-02  -1.9423753e-01   6.2703937e-01  -6.3315296e-01   9.0429857e-02   1.9267025e+00   8.8121867e-01  -1.4457623e-02   2.1156356e+00  -2.4089873e-01  -7.3361963e-02  -5.2724611e-02  -3.0215490e-01  -5.0591771e-02   5.2141290e-02  -1.0793521e-01  -1.1919997e-02
  -1.9883819e-01  -7.5445928e-02   4.0218901e-02  -1.1869664e-01   1.9355966e+00   3.8069457e-01  -1.5566262e-03   9.7541571e-01  -4.5435911e-01  -1.6566364e-01  -6.9048160e-01  -2.4783327e-01   2.5486651e-01   7.3669076e-01   1.7151109e+00  -2.4127705e-01   2.9736912e-01  -3.6513522e-01  -6.8194360e-01  -1.7263502e-01
   7.8976715e-01   9.4932210e-01  -1.0235860e-01   3.6738705e-02   1.6312966e+00   2.1170884e-01  -1.2912819e-01   2.6473984e-01  -3.2171118e-01  -5.9080839e-01  -1.3208992e+00   1.9712822e-04   2.0849766e-01   4.7823232e-01   1.6199191e+00   1.7417465e-01   2.0298529e-01   5.6328561e-02  -4.6562752e-01   5.3418493e-01
  -3.1082210e-01  -8.9259011e-01   5.3991377e-02   3.6191732e-02   1.8491709e+00   6.0249623e-03  -1.4004637e-01   1.5952908e-01  -3.8565075e-01   5.3755450e-01  -9.1672575e-01   6.0266417e-01   4.2831993e-01  -6.6334315e-02   1.8177477e+00   1.0182963e-01   2.4296328e-01   5.1207140e-02  -9.3750872e-02  -6.5096635e-01
  -1.1399109e+00   8.2811171e-01   2.7243760e-01   2.1270727e-01   9.8410541e-01   7.1570501e-02  -2.2484312e-02  -9.3092054e-02  -1.3768555e+00   1.6348861e-02  -1.7037567e+00   3.7817401e-01   2.6359743e-01   5.4894120e-02   9.7644788e-01   9.6350983e-02   5.3501941e-02   2.6436830e-01  -8.8191235e-01   2.9164249e-01
   1.5646682e+00  -1.5214480e-01  -5.8621299e-02   6.2868840e-01   1.2303315e+00  -2.7538514e-02  -8.9874707e-02   4.3715546e-01  -5.3218263e-01  -1.5923683e-01   5.0720889e-02  -2.3634657e-01   8.6066358e-02   6.4323145e-01   1.4458053e+00   2.2331038e-01  -2.2254229e-01  -4.8470280e-01  -1.4562496e+00   2.8777736e-01
   6.7478389e-01   8.3454299e-01   2.3197528e-02  -1.4838095e-01   1.3895959e+00  -3.5282552e-01   1.4135273e-01  -3.1734782e-01  -2.9562496e-02  -1.3234142e+00  -9.4698960e-01  -5.2491772e-01  -1.4726421e-01   7.2201438e-02  -6.8108357e-02   7.4460500e-01  -3.9604887e-02   1.0942686e-01   3.3154771e-01   1.7364984e+00
   8.6393690e-01  -1.5726137e+00  -2.4469183e-01   2.5257912e-01   9.0132761e-01  -6.7435130e-02  -2.6008028e-01  -8.5316673e-02  -7.7570051e-01  -2.2583338e-02  -8.7134624e-01   5.0537437e-01   5.6940991e-01   1.4194308e-01   1.6952233e+00   3.5794732e-01  -1.2829342e-01   2.2460258e-02  -8.6728877e-01  -1.8073115e-01
  -1.1161220e+00  -3.4447083e-01   4.1907914e-02  -9.8595597e-02   1.6665789e+00   1.3460872e-01   5.0937697e-02   5.0741456e-02   7.6890713e-01  -2.4731615e-01  -1.6313376e+00   2.9069003e-01  -2.8827393e-01   1.5513667e-01   1.3446753e+00  -1.9932956e-01   2.6682815e-01   9.6210711e-02   6.2400317e-01   1.8059529e-02
   1.9205759e+00   6.1254394e-03  -2.2354385e-01   4.9181208e-01   7.6029718e-01   3.7419742e-01  -3.5169235e-01   1.9832033e-01   4.1075227e-01   4.6975350e-01   1.7170805e+00   2.3764615e-01   2.2921604e-01   2.8104752e-01   1.2046173e+00  -5.1977459e-02  -2.6842362e-01  -1.7619828e-02   2.2227331e-01   1.9255972e-01
   9.0885311e-01   1.4703332e+00  -7.4020201e-01   1.1440103e-01   4.5684832e-01   4.2643002e-01  -1.9308062e-01   1.3348892e-01   4.6026036e-01   7.3039407e-01  -3.0541824e-02   5.7853186e-01   4.3811718e-01   8.7420046e-02   1.0928366e+00   4.8212718e-02   1.8265039e-01   8.0205274e-01   1.2560886e+00   1.1286751e+00
   2.3741716e-01  -2.0108563e-01   1.6684514e-01   1.4825096e-02   1.9784490e+00   2.4303168e-02   8.7272537e-01   4.1889194e-01   5.5524307e-01  -2.5293890e-01   2.1269714e-02   1.0410485e+00  -6.2023818e-01  -2.5014630e-02   1.5249585e+00   4.2987179e-02  -3.0104673e-01   3.7433082e-01   7.8942150e-01  -7.5237807e-03
  -1.6036153e+00   2.6697794e-01  -6.2808764e-01   2.2070749e-01   5.3820223e-01   1.3737382e-01   2.0784371e-01  -8.3082236e-02   6.9729370e-01   8.4978986e-01  -3.2016742e-01   8.7160832e-01  -3.4255108e-01  -2.8204122e-01   6.3488263e-01  -3.0975249e-01  -6.2362283e-01   5.0443238e-01   8.9923672e-02  -1.7712636e+00
   2.5969481e-02   1.8716985e+00   2.5624171e-01  -2.9678109e-01   8.5413074e-01   2.0247595e-01  -1.3777921e-01  -2.0882796e-01   6.2732381e-01   3.9962909e-01   9.0931848e-02   1.6088929e+00   2.8429103e-01  -2.3661792e-01   1.3964003e+00   3.8261390e-01  -1.5397834e-02   1.8774767e-01   3.0087733e-01  -2.9328614e-03
   3.7030363e-01   1.1965594e+00  -6.3279557e-01  -1.8634835e-01   1.2569996e+00   3.0077821e-01  -5.3304416e-01   3.9759347e-01   4.6841067e-01   3.8555068e-01   3.8023615e-01   3.5468334e-01   9.3598485e-01   6.2417006e-01   1.8279901e+00  -1.1770359e-01   2.4755615e-01   2.5613907e-01   7.0463109e-01  -1.8482247e-02
   3.3946362e-01   1.0878615e+00   2.6058900e-01   2.5616568e-01   1.5419124e+00   8.5919373e-02   4.8763487e-01  -2.5378230e-01   4.0877479e-01   9.2937529e-01  -3.0639735e-01   1.3332894e+00   9.1316618e-02  -4.3134877e-01   1.2638738e+00   5.3272299e-02  -2.1596257e-01   2.1111701e-01   4.6809697e-01  -9.3456364e-01
  -4.6969682e-02   6.8908119e-01   5.3503387e-02  -9.3973711e-02   1.8115461e+00  -1.3600832e-01  -2.4188931e-01  -9.6498273e-02   9.9986362e-01   2.2644585e-01  -1.2196547e-01   2.3069128e-01   2.2525319e-01  -1.8162206e-01   1.3258862e+00   2.2315184e-02   2.2618540e-01  -1.9202390e-01   1.7499502e+00  -1.7774186e-01
   1.5989630e-01   7.6502532e-01   3.7658241e-02   6.5699168e-02   1.7314519e+00  -1.8355466e-01   1.8027669e-01  -1.2542823e-01  -1.0720315e+00   2.6102084e-01  -5.3669417e-01   4.8719552e-01   3.7156692e-01   1.0095478e-02   1.2954028e+00  -9.3218841e-02  -3.3825438e-02   2.9319024e-02  -1.6269616e+00  -2.9474020e-01
   4.1860697e-01   1.4338353e+00  -3.0548486e-01  -2.8522128e-01   1.4478825e+00   1.5841445e-01  -3.8853583e-01   1.3692497e-01  -3.0797273e-01   1.7826372e-01   1.6019949e-01   2.9034299e-01   5.6951880e-01   3.3521408e-01   1.9151337e+00   5.5156505e-01  -2.4738944e-01  -1.5125938e-01  -6.4389229e-01  -3.9887047e-01
  -5.7306778e-01   9.0038059e-03   4.5581125e-03   1.5192329e-02   1.5228641e+00   2.6933247e-02   4.5828344e-03   4.0788233e-02  -9.8709738e-01   1.1406519e+00  -3.6888894e-01   2.2829235e-01   1.7911041e-01  -3.5997666e-02   4.8624074e-01   1.6846171e-01  -1.7108899e-01  -1.1651586e-01  -1.2494214e+00  -1.7274272e+00
  -8.4694058e-01   7.9344469e-01  -2.9624170e-01   4.0224817e-02   1.6601012e+00  -3.9460540e-01   3.9048228e-01   1.6474213e-01  -5.7760972e-01   3.6946121e-01  -1.5835364e-01   9.6725798e-01  -1.2607394e-01   4.0045443e-01   1.6460046e+00   2.1738358e-01   2.6271340e-01   1.6148260e-01  -6.3972175e-01  -7.7750409e-01
   1.4497061e+00   1.0067708e+00  -1.8068184e-01  -3.7466457e-01   1.1789832e+00   3.3978039e-01  -2.3638627e-01  -1.8913944e-01  -2.2065617e-02   4.0298778e-01   7.1343243e-01   1.3428383e-01   3.3578986e-01   1.5389600e-01   1.5463297e+00  -3.1078173e-02  -1.4146084e-01  -2.4490212e-01  -3.4545165e-01  -1.3026404e+00
  -4.6236888e-01   1.0852190e+00   3.0667138e-01   1.3433117e-01   1.7460842e+00   4.5200940e-02   6.6723749e-02  -4.8395106e-01   2.2760993e-01   1.8298373e-01  -2.6593786e-01   3.8683081e-01   3.3895440e-02  -6.8626970e-01   2.0729120e+00   2.1042378e-01   1.5282767e-02   4.8467792e-03   2.3680477e-01  -1.7766961e-01
  -1.2344064e+00   3.3531573e-01   9.8693691e-02  -1.1071822e-02   5.1839846e-01   7.3177558e-01  -1.7281119e-02   6.2140364e-02  -9.0800750e-01   1.2407043e+00   1.0367607e+00   1.2674175e-01  -9.3021519e-02   3.2049769e-01   5.7169825e-01   1.2671630e-01   2.8579164e-01   5.1940639e-02  -1.5366560e-01  -1.8784387e+00
  -1.0117413e+00   1.0166056e+00   4.4364312e-01  -7.5309819e-01   1.0702065e+00  -4.7091025e-01  -5.1885271e-01   4.3392864e-01   3.2923967e-01   4.1260678e-01  -4.0334770e-01   3.8082814e-01   9.0501487e-01   5.2933883e-02   1.4271562e+00   2.5518373e-01   5.5103832e-01  -4.1431105e-01   7.9420710e-01  -8.5915297e-01
   1.0986489e+00  -3.1079987e-02  -8.9391008e-02  -3.9584646e-01   1.6751565e+00  -6.8327459e-03  -1.3288426e-01  -6.2842369e-01   4.5017880e-01  -5.9522635e-01   9.5926709e-02   1.0363814e+00  -8.8176228e-02  -5.7930213e-01   1.5619574e+00   5.4101139e-01   1.7687757e-01   2.3281336e-01  -1.4138424e-01   7.6619768e-01
   1.7013236e+00   7.9564458e-01  -4.8822755e-01  -6.8701798e-01   3.4354737e-01   1.7463921e-01   8.4328055e-03  -2.0544289e-01  -4.8860428e-01  -1.8791701e-01   1.0445870e-01   3.9386830e-01   6.3602358e-01   2.6758024e-01   1.1950403e+00   3.1693277e-01  -1.4055086e-02   7.5733399e-01  -3.7613037e-01   1.5528287e+00
  -7.0305741e-01  -1.5146101e+00  -1.4392184e-01   4.4219947e-01   5.6536663e-01  -6.7256898e-01  -1.8131897e-01  -7.0325144e-02   9.9768788e-01  -5.6488442e-01   1.6624962e-01   1.7508978e+00  -1.5234680e-01  -2.1325867e-01   7.7099746e-01  -6.0562509e-01   2.0905770e-01  -1.1317758e-01   7.5216776e-01  -3.5449582e-01
  -9.8797804e-01   5.4051650e-01   8.9345112e-02   1.3285152e-02   1.7211771e+00  -5.6684420e-02  -6.0781535e-02  -6.9947287e-02   6.5804571e-01  -3.0032611e-01   4.1197833e-02   5.8221042e-01   5.6279656e-02  -4.7301632e-01   1.7188469e+00   3.1351221e-01   1.2590988e-01   9.5898202e-03   7.1308219e-01   1.0398927e+00
   8.3837837e-01   1.3263192e+00   8.8417947e-02   2.8884768e-01   5.6355202e-01   5.0323331e-01   1.7402244e-01   3.4377342e-01   1.0705758e+00  -8.2997996e-01   1.2829649e+00   3.0081317e-02  -1.2097520e-01  -1.0741064e-01   1.2608506e-01  -3.8406888e-01   1.8572403e-01   2.6739287e-01  -8.3906668e-01   1.4986469e+00
  -1.2099119e+00   1.0098178e+00  -1.5115152e-01  -1.9077387e-01   8.8161367e-01   4.5169038e-01  -3.3069670e-02   1.9410539e-01   1.0217448e+00  -4.8023880e-01  -3.0012089e-01   9.0365618e-01  -2.5354084e-01  -4.5053359e-02   4.7302520e-01  -1.8635297e-01   4.0332802e-02  -4.3884319e-01   7.5929451e-01   1.7777268e+00
  -1.1565635e+00  -1.5287681e+00   3.1746179e-01  -3.6121258e-01   8.6518157e-01  -2.1864293e-02   1.1041445e-01   2.5678292e-01  -1.6890673e-01  -3.6396918e-01  -1.6970582e-01   1.0673645e+00  -4.2693612e-01   4.7022083e-01   1.8357475e+00   2.8883862e-01  -5.2427955e-02   9.5273376e-02  -1.5945407e-02   2.6248181e-01
  -1.3451673e+00   4.7602984e-01  -3.7684885e-01  -1.4553952e+00   3.7919945e-01   2.0967294e-01  -1.5844133e-01   4.0840849e-01   9.9721111e-02  -7.4671203e-01  -2.9337329e-01   5.5598664e-01  -6.1290985e-01   1.0021883e+00   1.2127824e+00   9.9121980e-02  -6.0463399e-01   6.8045574e-01   6.9928473e-01   4.2784864e-01
   5.3749883e-01   1.4783345e+00   1.0907226e+00   9.3474247e-02   5.0578022e-01   1.1544470e-01   3.5681880e-01  -2.7506563e-01  -8.5459858e-01  -4.2567971e-01   4.4235525e-01   8.3474416e-01  -6.8861508e-01   2.3215005e-02   1.0071185e+00  -2.8931156e-01   9.0887630e-01   2.1012691e-01  -1.1788617e+00   4.6736085e-01
  -1.4592109e+00   1.4006619e+00   5.9945472e-02  -1.5793140e-01   4.6079189e-01  -2.9535094e-01  -8.5829154e-02  -5.6622904e-02  -6.8497491e-01  -2.1848960e-01   1.9991204e-01  -3.8618773e-01  -6.9658838e-02  -2.1385218e-01   1.1539551e+00   3.1704739e-02   1.1117781e-01   1.7150582e-01  -1.3436917e+00   1.2781476e+00
   3.8098499e-02  -1.2823814e+00   2.3222820e-01  -6.4629263e-01   1.1942708e+00   3.1689402e-02   5.0490612e-01   1.5540171e-01  -1.0429823e+00   4.1430971e-01   1.5467227e-01   1.3941865e+00  -3.9946485e-01   4.6257246e-01   8.4892350e-01   4.3052214e-01   3.3762476e-01   4.2397922e-01  -2.1136676e-01  -1.1536553e+00
  -1.6287432e+00   9.8135060e-01  -3.9641875e-01   3.5467264e-01   8.0145746e-01  -1.7266941e-01   2.2703765e-01  -7.3083580e-02   1.0119659e-01   4.4739816e-01  -8.7308598e-01  -2.9063520e-01  -5.2659202e-01  -4.6854123e-01   1.8173927e+00   7.0393556e-01   5.6060877e-02   4.0233213e-02   1.4132466e-02  -1.2158431e-01
   4.0649205e-01  -5.0187504e-01  -5.2571524e-02  -3.9951406e-02   1.9228805e+00  -2.1344051e-01  -4.2725399e-02  -2.7726081e-01  -8.2973146e-01   4.6415925e-02  -2.2593042e-01   1.4112130e+00   1.4123695e-01   1.4827533e-01   1.3954978e+00   1.8004259e-02   1.2326850e-02   3.2736173e-01  -9.5240349e-01   1.3987030e-01
  -1.1658731e-01   1.4803084e+00   2.4239134e-02  -1.8562590e-01   1.4565347e+00  -2.2445270e-01  -2.5427371e-01   4.2887542e-02  -5.8318466e-01  -3.7835196e-01  -1.6915779e-01   8.5096782e-01  -4.9608264e-02   3.2025442e-01   1.5586785e+00   3.2194680e-01  -1.7583829e-01   6.3436702e-02  -7.8055608e-01   1.0016509e+00
  -6.1671758e-01  -5.6858820e-01   3.3517107e-01  -6.7184091e-02   1.4351372e+00  -1.9107404e-01  -1.4681983e-01   4.8140353e-01  -8.0654484e-01  -1.0603272e+00   2.2425413e-01   1.6211064e+00  -4.1108528e-01   2.5822848e-01   9.3794370e-01   2.7628681e-01  -3.8562432e-01   2.0261191e-01  -3.4775034e-01   9.3518007e-01
  -2.7879098e-01   3.8086054e-01  -8.1702858e-02  -3.1698350e-02   1.9495194e+00   1.9423144e-01   3.7524808e-02   2.8263867e-01  -1.5970244e-01  -7.4854869e-01  -7.7420145e-01   1.3132576e+00  -2.9261300e-01   3.9289439e-01   1.5186402e+00  -8.4704734e-02   1.2313618e-01   3.1287020e-01  -1.6055353e-02   5.2277464e-01
   1.3819616e+00  -7.3888093e-02  -2.4109918e-01  -3.3804068e-01   1.3950293e+00  -1.3499988e-03  -1.3257173e-01  -3.7058961e-01   8.3769661e-01  -7.2156876e-02   4.5325491e-01  -6.3553131e-01   4.7891667e-01   1.6276859e-01   1.4508033e+00   3.3087879e-01   3.9888009e-01  -1.2927449e-01   1.3198396e+00   3.2720080e-01
  -2.0337148e-01   1.3576770e+00   4.5842785e-02  -4.4221934e-02   1.4245851e+00  -2.0558847e-02   8.0936745e-02  -4.5451336e-02   9.5232564e-01  -2.4989018e-01   9.5516932e-01  -1.2319427e+00   3.0464384e-01   1.1010122e-01   1.4300046e+00  -1.0527256e-01  -1.0565636e-01  -5.0090547e-03   6.5854794e-01   2.6002654e-01
   6.7620963e-01  -1.1470144e+00  -1.6550809e+00   1.8735448e-01   1.3580118e-01  -6.9657743e-02  -1.6812901e-01  -5.7607062e-02  -1.2795503e-01  -6.4096737e-01   3.3145678e-01   4.3407160e-01   1.1030132e-01  -1.0875306e+00   9.7332853e-01  -8.4532149e-02  -7.3724329e-01  -1.0189091e+00   5.5748999e-01  -7.9399532e-01
  -1.3250725e+00  -9.3443930e-01  -5.7937557e-01   6.1161220e-01   4.7825754e-01  -6.7443550e-02  -1.2853677e-02  -1.1029273e-01   1.1562002e+00   2.3423886e-01  -8.8185334e-01  -9.2168885e-01  -5.0843424e-01  -1.4384545e-02   8.6818445e-01  -9.2286363e-02  -4.5035008e-01  -5.3341609e-01   1.2968088e+00   4.5472497e-01
   1.4319245e+00  -8.7538964e-01   1.2867325e-02   1.0767254e-01   1.1569477e+00   2.2216384e-01   1.2091152e-02   3.2673076e-02  -2.6076272e-01   7.4338990e-01   5.2228880e-01  -1.3472077e+00  -3.8586774e-01   3.2388624e-02   1.5423944e+00  -7.9891896e-03   8.6041108e-02  -1.3202006e-01  -5.4693107e-02  -7.1919245e-01
   2.8330716e-01   8.6705059e-01   2.5866440e-02   2.8225070e-01   1.8566370e+00  -8.5199289e-03   4.4928470e-01   1.2047753e-01  -5.0092284e-02   4.6057454e-01   2.7701053e-01  -1.1347041e+00  -6.6398871e-01  -1.3077109e-01   1.7765417e+00   4.0632120e-01   5.4568794e-02  -2.1257572e-01  -3.6556203e-02  -1.2833887e-01
  -5.0633413e-01  -4.5090532e-01  -1.6667680e+00   8.5633695e-01   3.1554706e-02  -1.7775613e-01  -4.5950285e-01  -4.0545464e-02  -7.2133191e-02  -2.5305772e-01   9.1540404e-03  -6.0055631e-01   6.8218946e-01  -3.7510291e-01   2.2977318e-01   4.4367221e-01  -1.1109782e+00  -1.6118681e+00   7.5575662e-01  -3.0696028e-01
  -7.6722220e-02  -3.1273136e-01   2.4978330e-02   1.2716554e-01   1.9027013e+00  -2.4182169e-02  -5.1681703e-01  -7.8978196e-02   9.2720473e-01  -1.4183339e-01  -1.5994744e-01  -1.3798068e+00   2.5016627e-01   3.6073679e-01   1.3473133e+00   2.5682059e-01   3.6465171e-01  -2.6447347e-01   9.4799161e-01  -2.2792149e-02
   8.0496627e-01  -2.3310800e-01   9.2958950e-02   1.1232525e-02   1.3426169e+00  -4.8466574e-02   2.8779411e-01   1.5778987e-01  -9.0793687e-01   1.1797383e+00   6.0110494e-02  -3.4693247e-01  -1.0015241e-01   1.4283572e-01   1.5480210e-01  -7.4967876e-02   3.2989448e-01  -3.7057510e-01  -1.8127517e+00   1.2016160e+00
   2.1512251e-01   1.6413210e-02   7.3442049e-02   1.1421236e-01   1.8446772e+00  -2.7942529e-01  -9.2055820e-02   4.5640163e-02  -1.0828407e+00   3.1257561e-01  -7.7293850e-02  -1.6871985e+00  -5.3837113e-02  -3.2756063e-01   1.0775964e+00   1.3321832e-01  -3.4600396e-02  -3.0149800e-01  -9.6208882e-01  -1.1753955e-01
  -7.8461773e-04  -8.1753093e-01   3.8076580e-01   5.8838534e-01   8.8364840e-01   7.4750751e-01  -8.7419891e-01  -1.3628073e-01  -1.2952573e+00  -7.7934183e-02  -5.3094870e-01  -1.2415202e+00   3.4931391e-01  -5.2729309e-01   6.6999394e-01  -3.9758453e-01  -5.5275548e-01  -7.7632356e-01  -9.2669642e-01  -6.6106975e-01
  -1.3270421e+00  -1.2261838e-02  -2.9929103e-02   1.0206529e-01   1.7163658e+00  -1.3391739e-01   4.4720288e-02  -1.5584584e-01  -9.8688602e-02   4.2797652e-01   2.4708906e-02  -6.9406664e-01  -2.4402332e-01  -6.1687820e-02   1.9471244e+00   3.8460478e-02  -8.3368994e-02  -1.0843230e-01  -1.9828282e-01  -8.0496645e-01
   9.7860062e-01  -1.0565773e-01  -4.5259502e-03   1.6658323e-01   1.9088522e+00   1.2204115e-01  -5.1543757e-02   1.5377818e-01  -5.1941496e-01   2.9836717e-01  -1.6566315e-01  -4.9087298e-01  -2.7410885e-02  -1.0556763e-01   1.5772405e+00  -6.1294846e-02  -2.7483808e-02  -3.3165690e-02  -1.1466058e+00  -9.3347478e-01
   2.6920527e-01   1.5057046e+00  -8.1703160e-03   1.3976284e+00   2.9153121e-01   1.8602900e-02   2.7106020e-01   6.5466873e-02  -1.2228987e-01   1.4709009e+00   1.9640689e-01  -1.5973874e+00  -5.5309361e-01   2.6122022e-01   5.5077225e-01  -1.0733722e-01  -7.1605712e-02  -1.3139626e-01  -1.8677977e-01  -1.6979082e-01
  -1.2410648e-01  -8.7661862e-01   5.2785389e-02  -3.1953089e-02   1.7863451e+00  -5.7923824e-01   1.5803695e-01   9.3101412e-02   4.0200970e-01   6.5272319e-01   2.1675541e-01  -2.1362512e-01  -7.2713748e-02   3.0575308e-01   1.4583019e+00   2.9346421e-01   3.4986589e-02   4.3993328e-02   6.4593548e-01  -1.4966403e+00
  -9.2592269e-01   1.1226984e+00   2.8511041e-01  -4.5607433e-02   1.4008155e+00  -3.5790628e-01  -2.4584107e-01   8.1351057e-02  -4.5551851e-01  -6.2891346e-01  -5.1580453e-01  -1.6812272e+00   3.6304417e-01  -1.1683162e-01   1.1994723e+00   1.5472046e-01   8.3244964e-02  -1.9085410e-01   7.0160270e-02   5.3796160e-01
   4.2586479e-01  -7.0564663e-01   1.1488926e-02  -2.8123429e-01   1.8629820e+00  -5.5825752e-01   4.5914263e-01  -4.7823602e-01  -1.2696290e-01  -1.6131376e-01   7.8061485e-01  -4.7313780e-01  -4.2473111e-01  -4.7444603e-01   1.8122988e+00   5.4000837e-01  -2.2628264e-01  -1.9876377e-01   1.7865658e-01   2.0020191e-01
  -3.9326909e-01   7.9518086e-01  -1.0622517e-01   1.1292394e-01   1.7955670e+00   1.1707240e-01   3.3095139e-01   6.8600431e-02   3.7861720e-01  -8.2159001e-01  -2.3806812e-01  -7.2295070e-01   1.1912929e-01   3.1553426e-01   1.1828622e+00   1.3012412e-01  -1.8464680e-01  -9.5135793e-02   1.9887602e-01   1.6812937e+00
  -5.5035138e-01  -9.5590985e-01  -4.0237203e-01  -4.6976790e-01   1.5191914e+00   1.1694085e-01   8.6231482e-01  -1.1603073e-01   3.7019247e-01   6.0205750e-02  -1.6127225e-02  -1.1828647e-01  -1.0447320e+00  -2.1618851e-01   1.7726735e+00   1.4324577e-01  -4.2628962e-01  -3.3755895e-02   8.2465738e-01  -5.6239069e-02
  -9.5619637e-01  -2.1834360e-01  -1.7274711e-02   2.8340410e-02   1.4440632e+00  -5.3935319e-01   8.6411170e-04  -2.4080392e-02   5.0429380e-01  -9.7502553e-01   3.3434469e-01  -3.5172319e-01   5.3795487e-01  -2.4660738e-01   1.1951557e+00   2.5423932e-01   3.2304582e-01  -4.7302619e-02   1.0224752e+00   1.4914193e+00
   3.4709910e-01  -1.6755594e+00  -1.1405256e-01  -5.5259250e-02   1.1608362e+00   1.8268451e-02   4.0686864e-02  -1.0897528e-01   1.6318955e-01  -7.0315558e-01   6.0058957e-01  -1.0668207e+00   4.2361388e-01  -1.4370474e-01   1.5942082e+00   2.2712667e-01   1.3699895e-02  -5.2940704e-02  -3.7951384e-02   9.3651837e-01
  -1.3539053e-01  -7.5283706e-01   3.5869506e-01  -4.2617929e-01   8.7192231e-01  -3.8002763e-02   2.0230144e-01   4.7636122e-01   5.6062073e-01  -1.3578578e+00   2.8548583e-01  -1.2422669e+00   6.3543782e-02   4.0327618e-01   4.9670264e-01   9.6620835e-02  -7.0574713e-01  -9.1125762e-01  -3.8051331e-01   1.5479969e+00
   3.2929251e-01  -1.4889381e+00  -9.4114530e-01   8.8036346e-01   5.3183019e-01   1.4721693e-01  -3.3181536e-01  -3.6971313e-01  -4.0331282e-02   2.2907262e-01   2.2083798e-01  -3.0123079e-02   5.0494730e-01  -1.2627772e+00   1.5026896e+00  -4.9383479e-01  -6.6168851e-01  -1.6912286e-01  -4.2725483e-01  -5.9853560e-01
  -1.5185651e+00  -6.3039523e-01  -2.0208150e-01  -2.8641444e-01   1.0848519e+00  -1.9255397e-01   1.7533900e-01   1.5068589e-01  -2.0008504e-02  -8.7973815e-01  -6.7610806e-01  -4.3511450e-01  -1.1214609e-01   4.3433204e-01   1.4297274e+00   4.5936182e-01  -2.3665649e-01  -2.2586350e-01  -4.4378200e-01   1.3134524e+00
   2.5187969e-01  -9.7629660e-01   5.9677023e-02  -5.1257096e-02   1.2653495e+00  -3.8148668e-01   1.4501749e-01   1.4847832e-03  -1.3708512e+00  -1.8038774e-01   2.4350826e-01  -2.6399544e-01  -3.4992597e-01  -1.9074045e-01   8.4139717e-01   7.0787184e-02   3.9321345e-01   1.0742300e-01  -2.0298233e+00  -1.0318084e-01
   5.4394668e-01   7.2639674e-01   6.1624587e-02   7.6282197e-01   9.5487326e-01   1.0914526e-01   1.6409677e-01   6.4163744e-01  -1.4057395e+00  -8.4253296e-02   4.5150015e-01  -1.4195282e+00  -5.2255839e-01  -2.2277346e-01   5.2792865e-01   4.6751252e-01  -7.8678912e-01  -5.7257259e-01   7.1680713e-01   8.6352605e-01
  -1.2791470e+00  -5.8991730e-01  -4.4125682e-01   1.4524040e+00   4.7899789e-01  -1.6021032e-03  -1.1909575e-01  -4.3082070e-01  -1.2321786e-01   9.3414530e-02   2.7381587e-01   2.9552740e-01   4.5626211e-01  -7.6160622e-01   7.0857364e-01   4.5755145e-01  -1.3370680e+00   4.3180981e-01  -4.5832244e-01  -1.1883702e+00
  -6.7533743e-01  -1.3578211e+00   6.4749539e-01   2.8930029e-01   1.1887568e+00  -1.0863142e-01  -3.7481111e-01   3.1243780e-01  -5.2967244e-01  -5.6455225e-01  -9.5981777e-01  -8.1522334e-01   7.2797072e-01   2.5649321e-01   1.5549196e+00  -3.2605889e-01   8.2340389e-02  -2.7113673e-01  -3.7458864e-01   9.3319453e-02
   8.8401306e-01  -4.1644660e-01   8.2840376e-02  -8.4561169e-02   1.7663965e+00   1.4253457e-01   1.4698167e-01  -1.1339797e-01  -3.1610459e-01  -7.9034764e-01  -3.8809136e-01  -1.1008798e+00   3.9045894e-01   1.0759763e-01   1.4798492e+00   4.1087425e-01   1.2608962e-01  -1.0726857e-02  -6.7201841e-01   8.8237935e-01
  -4.6990252e-01  -3.4055829e-01  -6.5125301e-02  -1.9823506e-01   1.7360212e+00   5.7159122e-03   4.6028888e-01   2.2440837e-01  -9.4195068e-01  -7.2430921e-01  -9.5242411e-01  -3.8610834e-01   1.8824737e-01   3.2183471e-01   1.1692317e+00  -1.8335146e-01   8.1113674e-02  -3.0318433e-01  -1.2179611e+00   8.6827147e-01
   2.8706896e-01  -1.2201371e+00  -3.4957913e-01  -1.6224343e-01   1.5568973e+00  -1.7718915e-02   7.1104459e-02  -5.5444342e-01  -4.9677154e-01  -7.5276777e-02   2.3110455e-01  -2.8352216e-01  -2.6733747e-02  -8.4839803e-01   1.9755346e+00   3.0627646e-02   8.0289822e-03   1.7778613e-01  -7.0753694e-01   3.0505583e-02
  -6.3946748e-01  -5.9602086e-02  -1.2466789e-01  -1.0715992e-01   2.0529494e+00   5.2446362e-02   4.5000151e-01   1.3919844e-01   2.8680158e-01  -3.2923540e-01  -3.1189466e-01  -7.4983078e-01  -1.6947581e-01   3.2240704e-01   1.9244816e+00  -1.1866444e-02  -3.5545513e-02  -2.1352778e-01   3.1877479e-01   5.3496259e-01
   2.9061427e-02   1.7403373e+00  -1.2207308e+00  -6.2389547e-01  -3.0460786e-02  -1.4764239e-01   1.3973534e-01  -4.0431101e-02   6.2952590e-01  -2.5808383e-02   9.0437096e-01  -2.8204015e-01   1.0921104e+00   4.3406007e-01   1.2307870e+00  -6.3849372e-01  -3.9175647e-01   1.2688598e-01  -2.5144941e-01   4.6501482e-01
  -5.1533177e-02   1.7794452e+00  -2.0066829e-01   2.8964394e-01   1.0380378e+00   5.4958892e-01   7.0977975e-03   2.0699206e-01   2.5904131e-01  -5.8690470e-01   4.7031602e-01  -9.2729497e-01   1.1224144e-01  -2.7527334e-02   8.8295901e-01  -2.8520715e-01  -1.2583704e-01  -1.0294829e-01   5.6278175e-01   1.6044270e+00
   7.3401189e-01  -1.0550176e+00  -4.9341255e-01   3.8437691e-02   1.4461837e+00  -4.8963970e-01  -4.4906577e-01  -3.8838562e-01   3.8161340e-01   4.3049774e-01   4.8933685e-01   6.8894047e-01   5.8099753e-01  -5.6141710e-01   1.8237947e+00  -3.0030498e-02  -1.8204585e-01   1.1183913e-02   9.1601916e-02  -5.9409904e-01
  -4.6709290e-01  -1.2742686e+00  -9.0179902e-01  -1.9342217e-01   1.0079864e+00  -2.2617875e-01   3.5989618e-01  -6.0450846e-01   5.3253525e-01   3.1859395e-01   1.8855783e-01  -4.2193964e-01  -6.0996312e-01  -3.1168568e-01   8.8296491e-01   5.6819230e-02  -1.0827352e+00  -2.5348797e-01   1.4942250e+00  -6.5210444e-01
   4.7643396e-01   6.9540821e-02  -6.0526129e-02  -7.1166366e-02   1.8080956e+00  -2.0972487e-02  -2.6966977e-01  -2.6725388e-01   8.5992569e-01   6.5695083e-01   1.6005995e+00  -1.8281150e-01   3.1734377e-01   2.0045385e-01   1.1339846e+00   3.6037999e-01  -2.4035493e-01  -3.5890082e-01   7.1672994e-01  -5.6770611e-01
  -8.0996084e-01   3.7761801e-01  -3.0291364e-01   9.4325572e-02   1.4656885e+00  -1.2124893e-01   5.3820974e-01   7.5529389e-02   8.4749633e-01   8.3559752e-01   8.5860437e-01  -2.5785521e-01  -2.0118833e-01   4.5552778e-01   7.9194891e-01   1.3785401e-01  -3.0859393e-01   5.2795631e-01   1.3622175e+00  -1.1394987e+00
  -1.3019139e-04  -5.6518387e-02  -3.5188157e-02  -2.4969345e-02   7.0086682e-01  -1.7820236e-01   2.0696846e-01  -6.7454875e-01   4.2248333e-01   2.0590115e+00   2.0017910e+00   6.5994090e-01   1.7135851e-01   1.5839158e-01   2.3107892e-01  -5.2630398e-02  -1.3500699e-02   3.4374777e-02   2.9279716e-02   2.3920160e-02
  -1.5577754e+00  -8.1318837e-01  -4.0320241e-01  -3.7194699e-01   1.1666223e+00  -1.4055668e-01   3.0324313e-01  -1.8642815e-02   1.3697067e-01   4.9771756e-01   1.1653514e+00  -9.4849326e-02  -2.8101853e-01   3.4129798e-01   1.6329333e+00   2.6812389e-01  -2.5917384e-01   4.6755545e-02   6.5854603e-01  -2.6018164e-01
   1.7594893e-02   8.6273640e-01   1.5829362e-01   1.2635960e-01   1.6172659e+00  -6.0705221e-01   7.3572971e-02  -3.9813629e-01  -2.6905087e-01   9.4551480e-01   9.5683354e-01  -8.8911772e-02  -4.2858025e-01   4.7885001e-02   1.0549315e+00   6.6095436e-01  -1.3953052e-01   3.1541356e-01  -2.5008533e-02  -1.5235645e+00
  -6.5926677e-01   1.4564364e+00  -1.7306849e-01   6.3519317e-01   1.1423340e+00  -2.2368319e-01   5.1506132e-01  -1.9062899e-01  -6.3051438e-01   2.9503593e-01   1.0263216e+00  -5.8905590e-02  -7.0952070e-01   1.6678071e-01   1.6873441e+00   1.4688465e-01  -1.4244143e-02   2.7049193e-01  -3.3556870e-01  -4.7626901e-01
  -6.0191375e-01  -5.0246185e-01  -3.3767480e-02   5.0232854e-02   1.7856491e+00   6.6304481e-01   7.7988230e-02  -2.3816320e-01   1.5476355e-01   7.6329142e-01   1.1987027e+00   7.0517534e-01   2.6543888e-01   7.0999548e-02   1.3646500e+00  -3.1858468e-01  -2.6883283e-01  -5.2209873e-02   3.6439368e-01  -9.5016986e-01
  -1.4111188e-01   3.8865224e-01  -5.3520113e-02   1.1410987e-01   2.0359902e+00  -2.7631199e-01   5.8963907e-01  -3.6303069e-02   5.1679268e-02   3.0193219e-01   5.3451031e-01   3.0046862e-02  -6.3757145e-01   6.5089412e-02   1.9211656e+00   1.7887506e-01  -2.5037917e-01   2.0043473e-01   3.5947141e-01  -7.0457429e-01
   2.7513194e-01   6.0191113e-01  -1.1656895e-01   4.4080053e-02   2.0086668e+00   9.9007770e-02  -8.3115652e-02   2.0108788e-01  -5.3903472e-01   2.4531256e-01   1.4648364e+00   5.2563351e-01  -5.8083329e-02   2.9534584e-01   1.4352080e+00  -3.9436945e-01  -2.3521826e-01   1.4420021e-01  -5.4745990e-01   5.2103475e-03
   1.0541276e+00   1.4340447e+00   1.1621513e+00  -1.7922610e-01   4.1553539e-01   2.7012515e-01   3.0408674e-01  -9.7123370e-02  -2.2688268e-01   2.8054693e-03   1.3366382e-01  -1.6469558e-01  -4.4303060e-01  -1.1564850e+00   1.8152685e+00   3.9149183e-01  -3.8421005e-02  -6.0821994e-04   9.5042534e-02  -1.1353843e-01
  -4.2498946e-01  -3.6276472e-01  -2.5585330e-01   1.4783283e+00   2.7214667e-01  -1.4942005e-01  -4.7145504e-01  -1.5781190e-02  -5.4048932e-01   3.4282959e-01   9.1484946e-01  -7.0294547e-01  -1.2064258e-01  -2.9388091e-02   1.4384612e-01   8.2254522e-03  -2.0156672e+00  -3.2156268e-01   3.9125678e-01  -1.0107634e+00
  -1.2500362e+00   1.4442569e+00  -2.4344181e-01   6.1782598e-01   7.3817986e-01   1.7526650e-01   2.4027704e-01  -1.2910125e-02   2.8285125e-01   4.4190565e-01   1.6144072e-01  -5.4359025e-01  -5.3587842e-01   1.4416917e-01   1.6375192e+00   3.5403341e-01  -3.8310844e-01   2.1423344e-01   1.0272032e+00  -5.6357646e-01
   4.2927101e-01  -1.4469887e-01   4.9423780e-02   1.0063778e-01   1.5674765e+00  -1.4678044e-02  -3.4026001e-02   2.3635571e-01   1.0879480e+00  -9.7401369e-01   1.2411910e+00   2.4851133e-01   2.3153181e-01  -7.8055069e-02   7.2526979e-01   6.7252465e-02  -2.2655234e-01   3.0697069e-01   1.1351941e+00   1.2283688e+00
  -3.4412589e-02   3.6188883e-01  -4.8150294e-02   9.4436862e-02   1.9795322e+00   6.3757807e-01   3.1480378e-01   2.3921013e-01   5.7287973e-01  -3.6347008e-01   9.0231353e-01  -2.3594667e-01  -4.3478873e-02   1.2657600e-02   1.6630863e+00  -2.7376777e-01  -2.2798209e-01  -1.6873017e-01   6.2321991e-01   8.5638291e-01
   3.4906986e-01  -1.1148618e+00   8.5596405e-02  -1.2867112e-02   1.6310052e+00   1.0571232e-01   9.9402964e-02   4.0781554e-02   9.1713136e-01  -7.6537609e-02   1.0292159e+00   4.7006863e-01   2.4306077e-01  -2.2066537e-01   1.5290127e+00  -1.7625678e-01  -9.5228009e-02  -7.1541639e-03   1.1395599e+00   1.8212804e-01
  -1.2544051e+00   7.5652361e-01  -2.1056966e-01  -1.5697408e-01   6.8713373e-01  -4.6691999e-01   7.4493699e-02   8.8673063e-02   4.3815881e-01  -1.3040890e+00   7.9856175e-01   1.0440100e+00  -1.8675098e-01  -3.5960665e-01   8.4254849e-01   2.4396864e-01  -2.9585516e-01  -1.4006458e-01   1.4451020e+00   5.7638633e-01
   1.0299438e+00   6.2560427e-01  -1.0739354e-02  -1.6347639e-01   1.6747748e+00   2.4891098e-01  -1.8379483e-01  -1.6729683e-01  -2.8545159e-01  -6.4250171e-01   1.3112427e+00  -7.2759688e-01   1.0337489e-01  -3.6188531e-01   1.4990368e+00   2.5967893e-01  -1.8759790e-01  -9.9377371e-02  -5.4788786e-01   2.1888562e-01
  -9.3117303e-01   4.3562713e-01  -3.0547684e-01  -4.0256690e-02   1.5360564e+00  -1.9655439e-01   3.5789880e-01   2.1556485e-01  -5.6927818e-01  -8.7703973e-01   5.8012444e-01  -1.9742807e-02  -3.4124997e-01  -3.5315715e-02   5.6807792e-01  -1.5250628e-01  -5.0141491e-02  -5.7580757e-01  -1.1333987e-01   2.0086696e+00
  -2.6279575e-01  -4.8510876e-01  -1.0374910e-01   1.1875468e-01   2.0942156e+00  -4.1510310e-02  -1.4874502e-01  -5.1344949e-01   1.5392748e-01  -1.7433916e-01   5.0479096e-01   6.0961866e-01   2.6662967e-01  -3.9038903e-01   1.9789872e+00   3.1236276e-01  -1.1646857e-01   1.3037741e-01  -1.2193903e-01   1.8465947e-01
  -1.8212346e+00  -1.1410294e+00   2.0087918e-02  -2.8118980e-03   1.7655411e-01  -3.6558062e-01   2.7280888e-02   2.7976552e-02  -1.4573310e-01  -3.9584395e-01   1.6811819e-01  -1.9719119e-01   1.5072647e-01  -1.0655050e-01   1.8433276e+00   5.2288735e-01   1.0749483e-02  -6.4952753e-02   7.2930878e-01   8.5308474e-01
  -2.0347519e-01   4.1626447e-01  -7.2237939e-02  -6.6302054e-02   1.1225866e+00  -1.3752396e-01   9.2898652e-02   3.1116861e-01  -1.7916142e+00  -2.8136599e-01   1.4770068e+00  -7.2522901e-02  -2.8071678e-01   1.1132384e-01   8.0763096e-01   2.0198159e-01  -1.4686798e-01  -3.2310197e-01  -1.4149840e+00  -5.3644672e-02
  -1.2256925e+00   3.3088602e-02   7.5773048e-01   2.7496797e-01   9.7861385e-01  -2.1578036e-01  -5.8388573e-01  -1.4087319e-01  -1.1488663e+00  -2.2139715e-01   8.1721830e-01  -7.4272871e-01   1.8129222e-01  -7.6325673e-01   1.2661780e+00   3.4432575e-02  -4.9829876e-01   5.0960445e-01  -1.0785798e+00   4.7444295e-02
  -3.1092244e-01  -5.5420095e-01  -1.3648204e-02   6.4618714e-02   1.9217536e+00  -4.2795531e-02  -2.0480017e-01  -1.4770779e-01  -8.0771840e-01   3.5604438e-01   7.9819262e-01   9.7826272e-02  -2.4054995e-01   1.3252306e-01   1.6457433e+00   6.6208966e-02  -1.9589432e-01  -9.0780117e-02  -1.1045635e+00  -5.9353250e-01
  -1.1600771e+00  -2.8297260e-01   9.5232710e-02  -1.9456035e-01   1.7490684e+00  -9.4537690e-02   2.0977311e-02   2.5475895e-01  -4.6696526e-01  -2.3748174e-01  -2.9410115e-01   3.4025484e-01  -4.6201050e-02   4.6703735e-01   1.9709594e+00   1.2384552e-02  -6.5911047e-02  -8.3147511e-02  -7.2603250e-01   5.2298027e-01
   2.8480517e-02  -4.3249428e-01   1.3112780e-01  -7.1753368e-02   1.8879415e+00  -3.8529351e-02   1.5022093e-01   4.3444365e-01  -6.2662929e-01  -7.8175747e-01   1.0636294e+00  -9.7201526e-02  -2.6842842e-01  -1.0797830e-01   1.3169763e+00   1.6177683e-01  -1.6434422e-01  -3.6304179e-01  -6.3357121e-01   1.2097863e+00
  -5.0854439e-01   6.1067301e-01  -4.4002701e-02  -3.3156145e-02   1.9807210e+00   6.7916900e-02   4.7435429e-02   1.7146234e-01  -5.5535346e-01  -2.3331836e-01   4.4859242e-01  -4.3525597e-01  -2.0077555e-01  -7.0278361e-02   1.7935557e+00   9.4576180e-03  -4.5672107e-02  -1.7436092e-01  -8.5840333e-01   7.8793669e-01
  -9.0362346e-01  -1.2552706e+00   1.8550985e-01  -1.5566869e-01   1.3120106e+00  -2.7144900e-01   1.0148487e-01   2.7764490e-01  -5.9425914e-01  -4.2358151e-01   5.0040460e-01   4.4954535e-01  -4.6974239e-01   6.1962437e-02   1.6125138e+00   2.4581176e-01   7.5803936e-02  -2.2337079e-01  -1.2041777e+00   5.3926158e-01
  -1.7538809e+00   1.2463209e-01   3.5587227e-01   1.8826788e-02   1.2122594e+00   5.8776461e-02  -2.7929160e-01  -4.7009189e-02   1.1218255e-01  -3.4327173e-01   3.5234123e-01  -4.9094498e-02   4.8166940e-01  -2.3750071e-01   2.0757923e+00  -6.1908852e-02  -2.9583223e-02   1.2503032e-01   1.2885484e-01   5.8041507e-01
