   1.5046351e+00   1.2679212e+00  -7.3851332e-02  -5.2185543e-02   1.1145135e+00  -5.9368676e-01   1.3156140e-02   2.8304905e-05  -2.4268967e-01  -6.2665766e-01  -6.8119727e-02  -4.2368557e-02   1.3539465e-01   1.5145236e-01   6.6847116e-01   3.1122196e-01   5.5297319e-02   7.2041832e-02   1.2891676e+00   2.4582990e-01   1.1880879e-01   1.3643208e-01   1.9039003e+00   3.0704981e-01
   8.7105417e-01   9.3544358e-01  -7.5377655e-01   1.3130356e-01   9.9097812e-01   5.2944165e-01  -6.4721853e-01   2.9651397e-01   1.0659943e+00  -3.9924023e-01  -2.2700574e-02   5.4097193e-01   4.4314435e-01  -7.3533845e-01  -2.7553996e-01  -1.3572899e+00  -5.3714013e-01   8.3333236e-01   2.5000557e-01   1.5665941e+00   2.9521972e-01  -3.0176224e-02   3.3241680e-01  -2.6310283e-01
   5.1418930e-01  -7.0957130e-01   3.5585675e-02  -3.4001917e-03   1.8210354e+00  -3.2766068e-01   9.2749827e-02  -2.2475304e-02   1.1755735e+00   5.1229268e-01   9.0950064e-02   5.0069191e-02   2.3277949e-01  -3.0764979e-01  -5.2123779e-01   3.0164257e-01   1.8579418e-02   4.2353000e-02   3.6685145e-01  -5.3333080e-01  -1.0780268e-01   3.9695166e-02   1.2842957e+00   1.8835397e+00
  -1.0047748e+00  -7.5655192e-01  -1.2016033e-01  -2.4695786e-02   1.8813709e+00   1.1521453e-02  -5.9867438e-02  -1.4065029e-01   3.0007243e-01   6.7222971e-01  -5.7064474e-01   3.9851829e-01   5.0353456e-01  -2.2076890e-01  -1.6807656e+00   5.2380919e-01  -6.4435028e-02  -1.6521384e-01   1.2906791e+00  -5.9107822e-01   3.6936969e-02  -3.6512993e-02   5.6355542e-01   2.1204288e-01
   1.1171241e+00  -9.1648608e-02  -1.1888407e-01   2.7775973e-01   5.0253741e-02  -1.3279937e-01   7.8498937e-02  -3.7472229e-02   1.7254859e+00  -9.3005490e-01  -3.4755024e-01   4.8947862e-01  -4.7027239e-01   5.4912132e-01   4.4143108e-01   1.1168784e+00   2.4463567e-01   3.2149863e-01   1.5968870e+00  -3.3592856e-01   4.3891412e-01   5.1237825e-02   1.0110209e+00  -6.4298683e-01
   2.9132381e-01   5.4702663e-01   3.8422808e-01  -7.7100851e-02   1.6851792e+00   3.2726738e-01   4.2263091e-01  -8.1583762e-01   7.6324898e-01  -4.6081075e-01  -8.3312452e-01  -5.8061278e-01  -1.0710558e+00   4.8618621e-01  -2.7548757e-01  -1.5145082e+00  -1.5824445e-02  -3.7896445e-01   8.6670822e-01   2.2134431e-01   5.2953508e-02  -5.8639354e-01   8.9503622e-01   1.0695894e-02
   1.8134663e+00  -1.5295182e+00  -2.0451154e-01   5.4433239e-01   2.0987801e-01  -8.4564388e-02  -1.7656999e-02  -1.1015434e-02   3.2397905e-01   8.6818211e-02  -2.6922441e-01  -1.6755202e-01   2.7812427e-01   3.1032813e-01   1.7672833e+00   1.2354292e+00   8.0851227e-02  -2.3649214e-02   5.9332818e-01  -3.3791915e-01   7.1686059e-02  -1.4940590e-01  -3.9291013e-02  -6.6598892e-01
   1.5976201e-01  -3.5509053e-01   1.8364868e-01   9.9197857e-02   1.7172936e+00   8.6110198e-01   3.4059349e-02   9.2448330e-01   8.8927007e-01  -4.6979406e-01   2.4264072e-01   4.2460319e-01  -3.0948517e-01  -1.2297418e-01  -8.8011128e-01   5.4467857e-01  -2.8542992e-01   6.2039894e-01   1.3101556e+00  -4.4714008e-02   1.8686835e-01   7.3081928e-01   1.1459737e+00  -8.7086600e-01
   5.3108358e-01   3.3959350e-01   1.0883144e-01   2.1430911e-02   1.4538462e+00  -3.9341503e-01   1.7778392e-01  -1.6511860e-01   1.6153260e+00  -6.0156912e-01   7.6796860e-02  -2.2329313e-01  -1.2563024e-01   2.0764245e-02  -2.3018120e-01  -8.9157589e-02  -3.3524704e-01  -1.2276024e-01   1.2439328e+00  -1.4574209e-01  -3.1015015e-01  -3.5092899e-01   1.9869125e+00   5.4378748e-01
  -3.5777959e-01   4.1497281e-01  -1.8463181e-03  -2.9031292e-01   1.3905792e+00   2.7592999e-01  -4.1168118e-01  -5.0190106e-02   7.1289676e-01   1.3338457e+00  -7.8225964e-01  -8.9061454e-02   5.0700819e-01  -9.4205624e-01  -6.3056445e-01  -1.1138053e+00   3.3439630e-01  -1.9584303e-01   1.6403526e+00  -3.1276727e-01  -7.5187065e-02   3.1972176e-01  -1.8517219e-01   8.1413144e-01
   7.0433778e-01  -1.2614050e+00   6.5569735e-01   1.4189276e-01   1.4617757e+00   4.9802363e-01  -1.4660071e-01   7.6283586e-01  -2.1059851e-01   4.8898208e-01  -3.8154548e-01  -2.3984043e-01  -1.5368740e-01  -6.5100104e-01  -6.9877476e-02   8.8112473e-01  -2.1283664e-01   5.8088273e-01   1.2484331e+00  -3.6262882e-01  -1.9137038e-01   6.1459404e-01   1.4922662e+00  -2.1262653e-01
   3.0219573e-01  -3.6315504e-01  -1.1652175e-01   3.2609105e-02   5.5430448e-01  -3.0087477e-01  -6.8457566e-02  -1.6959655e-01   2.1167719e+00  -3.3481595e-01  -5.4084617e-01  -4.7391871e-01  -7.8084183e-01  -1.5770097e-01  -6.9319642e-01  -1.0215896e+00   1.9666918e-02  -1.4374986e-01   1.5251364e+00  -1.9641797e-01   3.4559992e-01  -1.0544363e-01   1.0120746e+00   7.2229767e-01
  -5.1527518e-01   3.0714411e-02   1.6584173e+00   2.4768533e-01   1.4855304e-01   6.2685907e-01  -5.2651680e-01  -1.5836840e+00   2.0612323e-01   2.2118473e-02  -1.1826161e-01   3.5963497e-01  -1.2767066e+00  -8.1489801e-01   1.2351697e-01  -3.1077275e-01  -6.7525393e-01   3.8649043e-01  -1.2815203e-01  -1.2573104e-01   1.4981438e+00   3.6295459e-01   2.9010555e-01   1.7742224e-01
   1.4638928e-01   1.3263120e-01  -6.1649282e-02   5.1550876e-02   1.0957174e+00  -4.1819963e-01   6.9894004e-01   5.4151487e-01   5.7525098e-01   1.3539557e+00  -9.0807313e-01   7.8788865e-01  -3.2200530e-01  -3.4839806e-01  -2.0808429e-01  -1.3324268e-01  -6.5236682e-01   1.0097173e+00   1.4723005e+00  -1.5253298e-01   8.2069114e-02   8.6282438e-01   1.1176938e+00  -5.1496905e-01
   4.9129751e-01  -4.0586522e-01   2.8054783e-01   2.3932108e-01   1.5710983e+00  -7.1855001e-02   1.4873470e-01   6.2984985e-01   1.1318184e+00   6.0008144e-01  -5.6999350e-01   5.2881527e-01  -8.7242687e-01  -1.0858528e-01  -3.7959909e-01   8.3869618e-01  -6.6194251e-02   8.1593752e-01   1.9403150e+00  -1.9459291e-01   7.1836836e-03   1.9018485e-01   4.2830020e-01   8.3729014e-02
  -9.2692477e-01   3.3706570e-01   1.6268920e+00  -7.8811562e-01   4.5434904e-01  -5.7502723e-01  -4.6827480e-01   9.0969354e-01   3.9496633e-01   3.0350375e-01  -6.4307439e-01   3.2647228e-01  -1.6039970e+00   4.0450409e-01  -8.0933809e-01  -2.7804330e-01   5.3491127e-01   4.9577349e-01   2.8837246e-01   3.3023399e-01   9.4741338e-01   2.7577364e-01   4.6170065e-01   1.6561006e-01
  -2.9359359e-01   9.9764931e-01  -2.5333688e-01  -1.3889408e-01   1.7057310e+00  -3.6550000e-01   4.0527504e-02   4.3513131e-01  -5.8539641e-01   1.0364382e+00  -5.6728649e-01  -1.6098079e-01   3.1750330e-01  -3.7985826e-01   1.0475323e+00  -3.5895249e-01   2.1428275e-01  -9.6199755e-03   6.4284170e-01  -1.3023265e-01  -6.4192303e-02  -4.0406209e-01  -1.1076709e+00  -1.5794009e+00
   1.4583993e+00   9.8656118e-01  -1.8881123e-01   9.1109991e-02   1.5227230e+00  -1.2924232e-01  -5.5671055e-02  -3.4273211e-03   6.4874119e-01   1.4322948e-01  -6.3620961e-01  -3.1211850e-01  -1.4923771e-01   1.1881028e-01  -3.9984807e-01   1.4344762e-01   3.6550228e-02   2.4532422e-01   2.1580284e+00   1.7835777e-01   1.4961192e-01   5.2053999e-02   5.1581979e-01  -5.6154484e-01
  -5.0680265e-02  -6.4925551e-01  -6.1229296e-02   2.1414630e-01   2.0832534e+00  -6.9642878e-01  -6.6463166e-01  -8.9616969e-02  -2.2459501e-01   3.5976082e-01  -7.2408944e-01   9.8022588e-02   3.1689209e-01   3.9380810e-01  -6.8395644e-02   1.9878327e+00   4.3313730e-01  -2.7743736e-01   9.1598958e-01   7.1422890e-02   1.8311048e-01  -1.3212009e-01   2.4531034e-01  -3.2594368e-01
  -1.4346985e+00   1.6623677e-01  -9.8442906e-01  -7.5631654e-01  -2.5234810e-01  -5.6860834e-01   1.8408605e-01  -4.7661224e-01  -6.9700974e-01   4.3340248e-01  -5.7379943e-01  -5.7373118e-01   1.0608865e+00   5.5999303e-01  -7.4663132e-01  -1.0179220e+00  -6.6524953e-01   9.3505383e-01   1.3214279e+00  -3.3125031e-01   2.9290792e-01   1.0770665e-01  -7.8283623e-02  -2.8943822e-01
   5.1714993e-01   3.6327371e-01  -3.2475558e-01  -3.6392912e-02   1.7362456e+00  -3.4775123e-01  -8.3760196e-01   3.3024633e-01   9.3737561e-01  -4.6200454e-02  -6.6838998e-01   1.4980336e-01   3.9563421e-02   6.7239273e-01   3.0747730e-01   3.3517787e-01   7.2318566e-01   4.1528469e-01   1.6768299e+00   3.6120760e-01   1.3319042e-01  -6.4608449e-01  -1.8116443e-01  -1.1964308e+00
  -7.5550783e-01   6.2950844e-01  -2.1758285e-01  -1.0082389e-01   8.3751994e-01   9.1431141e-01  -8.8063687e-02   1.9847478e-01   1.7039092e-01   1.7982361e+00  -3.9000338e-01   2.8312564e-01  -1.9137213e-01   4.8214693e-02   1.0788171e-01  -9.0447351e-02  -1.1870014e-01   2.3919612e-01   1.1954195e+00  -3.6223045e-01   2.9854479e-01   1.8290468e-01  -8.6333513e-02  -2.0188043e+00
   2.5551713e-01  -6.1416358e-01   2.8801662e-01   7.6245338e-01   6.1777449e-01  -4.2688069e-01  -1.3334166e-01   9.0666968e-01   7.0299596e-02   1.3087330e+00  -1.1490378e+00  -5.8045810e-01  -5.3443235e-01   3.9436296e-01  -5.4932559e-01   4.9289900e-01   7.4439090e-01  -5.2509373e-01   4.3536445e-01  -6.9779032e-01   1.3755106e+00  -3.3601639e-01   9.2281461e-01  -8.7516457e-01
  -8.7742203e-01   2.5317696e-01   1.7261061e-01   1.0313407e-01   1.6651719e+00  -1.6836846e-01  -3.2085940e-01  -6.3234687e-02   8.1902909e-01   9.0727007e-01  -1.9194798e-01   7.4898064e-02  -5.8632767e-01   4.8830897e-01  -8.5986042e-01   1.4414272e-01   4.3710509e-01   8.2754053e-02   1.9062788e+00   2.0611893e-01   4.6496566e-02  -2.9772800e-01   7.0830651e-02  -1.1698838e+00
   1.0810906e+00  -4.7599930e-01  -4.2820179e-01  -1.2169089e-01   1.5914763e+00  -9.6745089e-02  -5.3925735e-01  -1.0113793e-01  -6.3283616e-01   8.7395239e-01   1.7751737e-01   5.9247185e-02   4.1189215e-01  -6.3924503e-01   1.3165685e+00   8.5339350e-01   3.7501326e-01  -3.7066785e-01   1.5220777e+00  -4.5769706e-01   1.7378950e-01  -1.0823479e-01   6.5928978e-01  -2.0804170e-01
  -1.5324409e+00   1.1159633e-01  -4.9371656e-02  -2.7814063e-01   1.4310427e+00  -3.6785638e-01   1.3389128e-01   1.9466475e-01  -4.3940037e-01   1.0205427e+00  -2.2647603e-01   3.8540345e-01   1.8962739e-01  -2.0431155e-01   3.6875185e-01  -1.4539266e+00   2.8175539e-01   1.5786651e-01   9.9791372e-01  -1.0199693e+00   1.4390975e-01   1.3664007e-01   1.0043896e+00  -6.0803330e-01
  -4.8369423e-01  -3.7552088e-01   1.2843512e-01  -1.0722027e-02   2.0123761e+00  -2.5546402e-01  -2.5151479e-01   3.8396513e-01   7.9714358e-01   7.8814596e-01  -4.2438057e-01  -3.9410830e-02   1.1646227e-01   5.5852745e-02  -2.2389410e-01   6.6430736e-01  -7.8277618e-02   7.7320740e-02   4.2336121e-01   7.8199893e-01   4.4869825e-01  -1.5288809e-01   5.4212594e-01  -2.0037360e+00
   1.5797289e-01   6.5902060e-01  -2.3343453e-01  -2.1119303e-01   2.0232224e+00  -1.7675464e-01  -7.7025598e-01   4.4844109e-01  -5.6188094e-04   5.1249528e-01  -6.6916198e-01  -3.9944628e-01  -8.1176543e-01   5.0140087e-02  -5.6773698e-01   1.1979914e+00   5.0899124e-01   3.0110258e-01   1.4445542e+00  -3.2810140e-01   2.6349768e-01  -2.6975870e-01   4.9978197e-02  -7.3809373e-01
   1.3892370e+00  -9.8428428e-01   5.9923157e-02   4.2005256e-01   9.1781116e-01  -4.9248937e-01  -1.0294557e-01   1.5827996e-01   9.2151803e-01   8.0929905e-01  -3.5478681e-01  -2.8661275e-01  -3.2306284e-01  -3.0801466e-01  -5.3954333e-01   5.9909838e-01  -1.4480513e-01   2.2698703e-01   1.1021627e+00   4.6651918e-01   4.4027546e-01   2.1574359e-01   1.3351052e+00  -1.3081895e+00
   1.3543886e+00   1.7304326e+00   8.9690246e-02  -6.7576051e-01  -1.2293173e-01  -6.2782454e-01  -6.0600623e-02   1.7855331e-01  -4.3293226e-01   4.1887641e-01  -8.9619048e-02  -5.5596143e-01  -9.2857413e-02  -3.5528123e-01   1.2595334e+00  -5.6233776e-01   1.0645172e-01  -4.9798036e-01   1.6565596e+00  -5.8086199e-01  -4.8813093e-02   5.0247163e-02  -4.4475597e-01   2.4044169e-02
   2.1260431e+00  -8.4066939e-01   9.0659842e-02   5.4053701e-02   5.4291695e-01  -3.1025475e-01   7.1449131e-02  -3.8854614e-02  -4.9247167e-01   3.5490975e-01  -5.4292446e-01  -1.9488493e-01  -1.0667176e-02   7.1721569e-02  -1.1532164e-01   1.4207914e+00   7.1177521e-05  -4.5005128e-02   1.7360063e+00   1.0825471e-01   7.8639723e-02  -1.5586144e-02  -5.6961304e-01  -5.1735342e-01
  -9.5966563e-02   3.1671634e-01   9.0922862e-02  -5.3007986e-02   1.5300201e+00  -7.4842614e-01  -4.9698767e-01   1.1713531e-02  -1.1655483e+00   1.1356916e+00   4.5081902e-01  -2.4369830e-01  -2.4375752e-01  -2.7235907e-03  -1.5343095e-01   2.2934976e-01   3.1334361e-01  -8.9715615e-02   1.5500054e+00   1.3343059e-01  -1.9843622e-01  -3.6884204e-01  -6.0287803e-01  -1.6184059e+00
   1.9096465e+00   3.7488070e-01   7.0521876e-02  -4.8622191e-02  -3.7246788e-01  -7.5268608e-01  -2.9147877e-03   2.4077572e-02   5.7944804e-01  -9.8843473e-01  -3.8146126e-01  -4.5801803e-01   1.3144849e-01   3.2670739e-01   1.2699223e+00   6.7223132e-02   1.7916942e-01   1.0771390e-01   1.5098205e+00  -4.2286658e-01   8.1880882e-02   1.4232756e-01   6.3234520e-01   1.0776479e+00
  -1.5942076e-01  -8.7927477e-03  -4.1610100e-03  -1.8517233e-02   1.9958266e+00   4.0670037e-02  -3.3235911e-01   1.8481992e-01   2.4052452e-01  -1.0419432e+00  -1.3916808e-02   7.2073080e-02   6.5728974e-01  -2.0247912e-01   2.5811070e-01  -2.7033788e-01   3.4854320e-01   2.0571882e-01   1.2543151e+00  -4.5232120e-01  -3.6754936e-01   2.7222893e-01  -4.6570587e-01   1.9274708e+00
  -3.7410778e-01   9.2185505e-02  -2.6816261e-01  -3.0226426e-02   2.0593665e+00  -4.0157005e-02   1.0920967e+00   2.5444770e-01   4.5411286e-01   7.5260513e-02   1.6278666e-02   2.0434789e-01  -2.4022926e-01   3.5604504e-01   7.8863001e-01  -1.8848187e-01  -9.3846476e-01   4.5858431e-01   1.8660893e+00  -3.5139424e-01   2.4277301e-01  -2.5025159e-01  -5.2267593e-01   3.0218101e-01
  -1.1561698e+00   7.5419821e-02   1.2254591e-01   6.8128401e-01   1.6243857e+00  -1.7157398e-01  -2.1356015e-01  -8.7492651e-01   3.1981978e-01  -7.8625983e-01  -6.0521829e-01   1.3637349e-01  -2.9620913e-01   5.8233708e-01  -1.0498887e+00  -4.4757769e-01  -8.9925624e-02  -4.6035689e-01   9.4504410e-01  -4.7038078e-02   7.1385694e-01  -3.3550784e-01   8.4333020e-01   1.1898420e+00
   1.6866714e+00   3.0648881e-01  -2.6914144e-01   3.8919857e-01   1.3159430e+00  -1.1530810e-01  -2.1995127e-01   3.4028530e-01   1.2181553e-01  -5.8239841e-01  -3.0964926e-01   2.9779473e-01  -1.0205530e-01   6.2412816e-01   6.7834479e-01  -2.1299481e-01   5.6139380e-02   7.0183921e-01   2.0994167e+00  -2.9525727e-01  -2.5103477e-01   5.8951341e-02   1.7395566e-01   6.2995607e-01
  -7.8513420e-01   4.8076370e-01  -3.6983812e-01   5.2715605e-01   1.3363876e+00  -4.0658269e-02   5.5928653e-01  -2.1574236e-01  -1.1241740e+00  -7.4620016e-02  -1.0103326e+00   2.8468314e-01  -9.0889871e-01   8.9087039e-01   3.0571210e-01  -1.5825044e+00  -3.3357179e-01  -2.9573724e-01   8.5133433e-01   1.4693402e-01   4.3831921e-01  -2.9139253e-01  -2.6490510e-01   8.4252542e-01
  -9.0521568e-01  -1.3014235e+00   3.2738334e-01  -1.2344732e-01   1.0061191e+00   2.9203081e-01  -1.0569541e-01   1.6510214e-01  -8.8474798e-01  -9.3707514e-01  -1.2170781e-01  -1.6626830e-01  -1.8499911e-01   1.8087779e-01   1.9116455e-01   1.1892336e-02   2.2154343e-01   6.0231203e-01   1.6930125e+00   3.3056062e-01  -4.9037480e-01   9.5734388e-02  -4.0473598e-01   1.6188374e+00
  -1.9023069e+00  -1.2112877e+00  -6.2498070e-02   6.1947721e-01   4.8040459e-01  -8.3037660e-02  -1.2507012e-01  -2.0620275e-01   5.5495745e-01  -5.9649460e-02  -2.8511506e-01   1.3844298e-01   6.1049614e-02   1.8841738e-01  -8.0812365e-01   1.7911167e-01   3.0248392e-01  -4.5244971e-01   2.1427562e+00   9.2507750e-02   1.5902393e-01   6.3769028e-02   1.9581681e-01   3.6093175e-01
   1.8198638e+00   2.2042681e-01   7.8444117e-01  -7.4458517e-02   1.0514753e+00  -3.6052233e-01   4.6085358e-01  -4.9808614e-02  -6.7417097e-01  -1.9176483e-02  -2.5198605e-02  -2.1270682e-01  -2.8157753e-01  -4.7887632e-01   1.1413866e+00  -2.4820930e-01  -6.8361115e-01  -3.5052505e-01   1.7977718e+00   4.0711030e-01  -2.0155165e-01  -9.8153301e-02   5.9302151e-01   6.7777134e-02
  -9.1094337e-03  -4.5213290e-02  -1.5800526e-02  -9.6611261e-02   1.1831274e+00  -7.8198427e-01   3.9931017e-01  -3.6491898e-01  -2.0540589e-01  -1.8322741e+00  -5.1427692e-01  -9.8729324e-01  -5.0396895e-01   3.3075500e-01   8.6300176e-01  -1.5796691e+00  -5.6525782e-02   1.8470410e-01   3.9783746e-01  -3.2877213e-01   3.1861162e-01  -2.9147178e-01  -6.4068377e-01   7.3593849e-01
   4.2877144e-01  -7.8990620e-01  -1.3703085e-01   4.6161521e-02   1.6717873e+00  -1.3596006e-01  -2.5371450e-01  -1.2589428e-01   4.1717401e-01  -1.3136648e+00  -5.7546180e-01   3.8981616e-01  -5.2716613e-01   5.8256608e-02  -7.6128191e-01  -6.5478481e-02   2.5400680e-01  -1.9168869e-01   1.8613437e+00  -1.7139670e-01   2.8766820e-01   1.1739116e-01   6.2124795e-01   9.7570181e-01
  -2.1256204e-01   1.7476369e+00   9.8308527e-01  -2.3707804e-01   1.3047542e-01  -7.4775726e-01  -4.1938579e-01  -3.6718741e-02  -4.7674783e-02  -8.4879446e-01  -6.0666668e-01  -6.4473057e-01  -8.0209261e-01  -7.7478594e-01   2.3894241e-01  -1.6829262e+00   2.5914156e-01  -4.6746603e-01   9.5752436e-01  -4.4931774e-03   2.5602806e-01  -8.2569256e-02   2.4666221e-01   3.8643751e-01
   6.3695884e-01  -1.2207676e-01   4.7707349e-01   2.7107772e-01   1.1172469e+00  -1.9689947e-01   4.2423341e-01   3.8332179e-01  -1.4287844e+00  -2.8360280e-01  -1.0634531e+00  -5.9970802e-01  -1.2322645e+00   5.6869078e-01   1.5629755e+00   6.6576314e-01  -1.7294270e-01   3.0673299e-02   3.7262425e-01   4.2722186e-01   4.5722876e-02  -5.4377228e-01  -5.0797749e-01   6.4489007e-01
  -4.6881908e-01   6.6331285e-01   2.4180050e-01  -8.8143386e-03   2.1457119e+00  -1.4367606e-02  -5.3195238e-01  -4.1129631e-01  -4.8428559e-01  -1.2232216e-01  -9.5305286e-02   2.0561114e-01  -2.4339502e-01  -1.3117032e-02   1.3846259e-01  -6.2394929e-01   3.7652713e-01  -2.4528414e-01   1.7091235e+00   5.3902484e-02   3.9199400e-01   2.6727325e-01   4.8778975e-01   1.3665743e+00
   5.8346426e-01  -1.6153383e+00  -4.1759759e-02   5.5098486e-01   9.0798175e-01  -4.5399311e-01  -3.2478932e-01   4.1798356e-01   7.6957661e-01  -7.7908814e-01  -3.7829751e-01  -1.6105063e-01  -7.6466131e-01   2.2156155e-01  -1.4868231e+00   1.0753376e+00   3.8833049e-01  -6.8290509e-02   1.0358788e+00  -7.9844737e-01   8.0667213e-02   1.5721440e-01   3.0983746e-01   2.6808769e-01
  -5.6257427e-01   5.9162680e-02   1.5380301e-01   4.1136444e-02   7.3784471e-01  -2.6442671e-02   7.4429430e-02  -3.8130209e-02   1.2097876e-01  -1.8830888e+00  -8.9712727e-01   8.6486116e-02  -1.0838654e+00   6.4036846e-02  -2.8374532e-01  -4.7326747e-01   3.2194145e-02  -5.9760386e-01   2.1675427e+00  -1.8595217e-01   1.9195940e-01  -1.8872205e-02   1.0504976e-01   3.2709631e-01
   1.3809184e+00   6.5396667e-01  -3.9485705e-01   2.5160608e-01   1.0561234e+00  -2.3797726e-02   8.1954286e-02   2.1125394e-01  -1.5421085e-01  -1.3628945e+00   1.8413021e-01   2.2459160e-01   5.9171218e-01   4.5591006e-01   1.9006312e+00  -5.1079197e-03   2.6954862e-01   8.9867197e-02   1.1642189e+00  -1.6956313e-01   2.1247778e-02  -1.7030981e-01  -4.2688525e-01  -6.8284672e-01
  -3.5870850e-01   3.0265263e-01  -1.3402536e+00   1.3862315e+00   4.1168928e-01  -1.7453339e-02   1.1965106e+00  -4.9209943e-01  -1.9482981e-01  -1.9102903e-01  -4.7415432e-01   2.4701703e-01   9.1708851e-01   1.3893009e+00   6.9613785e-02  -4.3096441e-01   9.0712816e-01   2.9937574e-01  -1.6445956e-01  -1.6117288e-01   1.3577999e+00   9.0274937e-02  -2.7574694e-01  -5.2977305e-02
   1.4697742e+00  -6.8567336e-01  -1.4041837e+00   5.1512706e-01   1.5151779e-01  -1.2601168e-01   8.1637822e-02   2.6605484e-01  -7.6654202e-01  -1.2320267e-01   4.7439590e-01   1.6532713e-01   1.3376172e+00   7.6979232e-01   1.3587410e+00   9.9481595e-01   1.7102219e-01  -2.0515835e-02   2.6741752e-01  -1.6912507e-01   4.3804985e-01   3.5306960e-01   5.6799453e-01   4.1774321e-01
  -1.2898787e+00  -2.9287171e-01  -3.6149830e-01   1.1392214e+00   1.0421792e+00  -3.6703089e-01  -4.6746030e-01  -9.4682038e-01   4.3183097e-01  -1.4293916e-02  -2.7638835e-01  -2.7067772e-01   4.2113322e-01   1.5286632e-01  -3.5029322e-01  -1.1653687e-01  -2.1251585e-01  -1.1093017e+00   1.3138007e+00  -2.0174107e-01   1.8837547e-01   1.1536849e+00  -1.1738143e+00   1.6109076e-01
  -1.3302922e-03   8.0001467e-01  -4.2098925e-01   2.7540714e-01   5.9827977e-01   1.0022532e-01   1.2297811e-01   3.5442489e-01  -1.6867748e+00   4.8377848e-01  -7.9261988e-01  -9.3366891e-01  -1.1699975e-01   3.1805760e-01   5.3242242e-01   9.4290391e-02   2.5321113e-02   4.2184342e-02   3.6716856e-02   1.5821074e-01   8.2759637e-01  -1.0538286e+00  -1.9452652e+00  -5.8269992e-02
   9.1925150e-01   1.4810977e+00  -4.9512368e-01   9.6446055e-01   1.2134900e+00  -2.1954763e-01   5.8467156e-01   5.7528698e-01   8.1647731e-02   2.1281499e-01   2.9002434e-02   1.3610877e-01  -1.9838424e-01   2.9140204e-01   7.0521235e-01   2.2072309e-01  -5.5497593e-01   5.3005517e-01   1.3041081e+00   1.6281655e-01   7.6982439e-01  -2.8766701e-01  -1.0447196e+00  -8.7625074e-01
   2.8938821e-01  -2.9760584e-01   4.3902405e-02   2.2282596e-01   2.1439922e+00  -1.9967742e-01  -5.0188988e-01   9.3930060e-01   3.5217243e-01   4.8052824e-01  -3.4140089e-01  -1.4653185e-01  -5.7159537e-01   1.2702976e-01  -1.0614904e+00   9.3759114e-01   1.7781001e-01   4.2750889e-01   1.1499342e+00  -3.0227241e-01  -1.5328448e-02  -5.2792567e-01  -1.0233235e+00  -4.5767662e-01
  -1.1752404e+00   1.8466623e-01  -3.9517316e-01   2.8611851e-01   1.4745544e+00   2.0943068e-01   4.3732697e-01  -1.9443287e-01  -9.3912625e-01   8.6759001e-01  -6.0266632e-01   3.0127141e-01   5.4224819e-02  -5.1215313e-02   5.0207609e-01   5.7663316e-01  -1.8813759e-01  -5.9184200e-01   1.3103491e+00   4.0954313e-01   3.3094081e-01   4.8073772e-01  -1.5240021e+00  -5.3575706e-01
   3.6039779e-01  -1.7172687e-01  -2.5966054e-01  -1.7663366e-01   1.8030263e+00   2.1631275e-01  -1.8935627e-01  -8.9351594e-01  -6.3059056e-01  -8.5301191e-01  -7.9395247e-01   6.0182583e-01   4.9362713e-01  -7.8300303e-01   1.0174654e+00   2.4434756e-01   2.5191318e-02  -4.7161582e-01   1.2811968e+00  -4.8753610e-01  -2.3741844e-01   5.3053713e-01  -1.0384880e+00  -1.4845720e-01
  -3.8553160e-01   7.5690377e-01   3.2802306e-02   2.8810418e-01   1.5068493e+00  -6.6639715e-01   4.7193819e-01  -4.5896402e-01  -1.0413660e+00  -5.8958590e-01  -3.7183803e-01  -2.5190434e-01  -4.2660615e-01  -4.0162650e-01   3.7055424e-01  -4.2211211e-01  -4.6152005e-01  -5.8166569e-01   1.7709435e+00   5.6323773e-01   1.3494734e-01   4.6785054e-01  -7.7732366e-01  -9.5269561e-01
   3.0549967e-01  -1.4558241e+00   6.3368398e-01  -5.7788843e-01   1.0244694e+00   2.9025417e-02   5.7605356e-01   2.3649707e-01  -8.4458542e-01  -5.7883638e-01  -8.1163102e-01  -2.2392458e-01  -7.8014761e-01   1.9237113e-01  -2.5787213e-01   9.4150174e-01   6.5053575e-02   5.2932400e-01   9.7011191e-01  -2.6978776e-01   2.0112720e-01  -8.4733981e-01  -1.4654241e+00   2.3138729e-01
  -1.1357262e+00  -4.4564867e-01  -4.5399433e-01   2.2494727e-01   1.7000762e+00  -2.4387541e-03   4.0911153e-01  -4.8327979e-01  -5.0099528e-01  -1.0446686e-01  -9.5521355e-01   1.5145403e-01  -8.6903971e-01   3.5968593e-01   8.1225052e-02  -1.1131550e+00  -4.5032960e-01  -4.8090449e-01   1.7140658e+00  -2.9863650e-01   1.2354392e-01   1.5942268e-01  -3.6037517e-01  -6.4784586e-02
   5.4580338e-02   8.5679740e-01   1.9858523e-01   3.5346460e-01   1.8663099e+00   7.8407358e-03   5.3797156e-01  -1.5346248e-01  -7.2881740e-01   5.8958169e-02  -1.2000111e+00   4.1760325e-01  -9.7032499e-01  -6.3034937e-02   1.3474110e+00  -4.7558066e-01  -4.7765559e-01  -8.7149024e-02   1.2681738e+00  -4.2124772e-01   2.4786589e-01  -4.9028244e-02  -1.2229530e-01   2.5666964e-01
   2.5879627e-02   1.0766601e-01   2.5147167e-01   2.3874351e-01  -1.5625347e-01  -5.9508231e-02  -7.3066145e-01  -9.5593818e-02  -7.7091920e-01   1.1493869e-01  -1.6113554e+00   1.2496562e+00  -2.4679248e-01   4.6593568e-01  -2.6426399e-01  -2.8041985e-03  -9.8881477e-01   5.0392294e-01   5.5841637e-01  -2.1350324e-01   1.8761225e+00   5.6808746e-01  -8.4979504e-01  -1.7101215e-01
  -3.9871033e-02  -4.3556112e-01  -3.2570895e-02  -2.3733626e-01   1.1009486e+00  -6.5653734e-02   4.4950411e-01  -2.1216846e-01  -1.7497582e+00  -5.0935125e-01  -7.1767634e-01   3.2205394e-01  -7.0366776e-01  -1.1575611e-01  -5.6115077e-03  -8.6189555e-03  -6.7344099e-01   6.8994701e-02   1.7836713e+00  -4.1853696e-01   5.0662845e-01  -2.1840836e-01  -9.9430954e-01   8.5518962e-01
  -1.2395304e+00  -1.9493270e+00  -2.9542636e-02  -4.3864426e-01   3.0162141e-01  -6.0078329e-01   2.4736740e-02  -1.4157173e-01  -2.0064467e-01   5.5498254e-02  -7.6897472e-01  -1.6982336e-01   1.0292608e-01  -2.7440646e-01  -1.6663479e+00  -9.6902889e-01  -1.6975006e-01   2.2785282e-02   7.9924047e-01   3.6187473e-01   1.5996850e-01   1.6618541e-01   1.9124940e-01  -8.0240583e-01
   9.5627648e-01   1.2193055e+00  -3.1897452e-01   3.5501251e-01   8.6877209e-01   6.8332583e-02   9.3534730e-02   2.8020877e-01   1.4203651e+00   4.3812904e-01   2.7390921e-01   6.5784085e-01   1.9753887e-01   1.6465817e-01   6.1723667e-01   6.4298522e-01   2.3580788e-01  -4.9812991e-02   2.9696652e-01  -7.1078408e-01  -7.2256915e-02   7.0750177e-01   1.6344479e+00   1.0573274e+00
   4.9968716e-03  -1.5603729e-01   6.6083729e-02   4.0184263e-02   1.7300880e+00   2.3331679e-01  -1.0442376e-01   8.7511611e-01   9.6496248e-01   7.8878358e-02  -4.1745493e-01   1.1812395e+00   9.8895526e-01  -1.6886635e-01  -2.1221231e-01  -5.6076020e-01  -2.6882595e-01   9.3136024e-01   1.7604470e+00   3.5869581e-01   6.2541001e-02   2.0113267e-01   2.3832071e-01  -5.9757814e-02
  -1.3340081e-01  -5.0307190e-01   4.1913096e-02   3.8154513e-01   1.9452853e+00  -1.9999551e-02  -1.1892380e+00  -8.7577581e-02   3.6842170e-01  -6.0640953e-02   1.2358415e-01   3.5918573e-01   5.4307222e-01   4.4225618e-01  -5.9640044e-01   4.3566227e-01   5.3132069e-01  -4.7804469e-01   1.2863659e+00  -3.2842320e-01   8.7485594e-01   1.9610432e-01   1.1660047e+00   7.8661436e-01
  -1.1163008e+00   3.9728147e-01  -1.2299268e-01  -6.1155826e-01   1.7925372e+00  -8.0389068e-02  -1.5844095e-01   9.2876381e-01   6.7574096e-01  -9.5030218e-02  -8.8315316e-02   4.9843448e-01   2.0540865e-01  -4.0644825e-01  -8.0983239e-01   3.8797709e-01  -7.2223596e-02   1.0303280e-01   3.7624758e-01   1.0175838e-01   4.4506752e-01   6.9958633e-01   1.6115099e+00  -9.5482588e-01
   5.8735317e-01  -1.3538033e-01  -6.1918902e-03   3.2453272e-01   2.0739660e+00  -4.9285166e-02  -5.0274545e-01   8.3408850e-01   3.2177097e-01  -9.6037634e-02   6.1725326e-02   5.9183723e-01  -1.4199804e-01   5.7215810e-01   8.9698255e-01  -8.6848795e-02   4.3233958e-01   7.1164513e-01   1.7029110e+00  -7.4175514e-02   1.1244830e-01   4.0820968e-01   9.2947000e-01   1.0324391e-01
   2.0161998e-01   2.7857167e-01  -1.2529699e+00   1.0347804e-01   3.5360248e-03   4.3795176e-02  -3.5679138e-01  -9.9723883e-02   2.7684957e-01  -8.1858620e-02  -1.3190943e-01   1.8600585e+00   1.8613233e-01  -3.6660695e-01   2.7517378e-01  -3.7039317e-02  -6.9175571e-01   4.8392087e-01  -2.9531494e-01   2.2932336e-01  -1.0791968e+00   1.9365056e+00  -3.0204862e-01   7.0481861e-01
   1.1733089e-01  -1.1868666e+00  -1.8102410e-01   5.1684791e-01   1.5659589e+00   6.2952501e-01  -3.5211203e-01  -3.0731523e-01   5.3335232e-01  -7.7931666e-01  -3.6593959e-01   7.1438313e-01  -1.4538279e-01   8.8706529e-01  -7.3635840e-01   1.9680777e+00  -1.0001437e-01  -3.3294700e-02   1.1785909e-01   1.3520190e-01   1.0303542e-01   8.6632244e-02   6.2253529e-01   4.6302110e-02
  -1.5670414e+00   7.8047019e-01   8.9805686e-01   1.1141549e+00   6.2967420e-01  -5.3774301e-02  -3.4489048e-01  -4.2861786e-01   2.7938746e-02   4.2025423e-01   2.5930306e-01   3.2693602e-02  -4.7801641e-01   1.2713252e+00  -1.5518385e+00  -5.0861549e-01  -1.5357904e-01  -4.2057177e-01   5.7490879e-01  -3.6680877e-01   5.2820760e-01   1.8502477e-01  -7.1442030e-02   6.6642225e-01
   8.9488685e-01   2.9525662e-02   4.8421112e-01  -1.5056574e-01   1.2331362e+00  -4.5109785e-01   5.5366302e-01  -3.3528948e-01   1.2613848e+00   5.3378850e-01   6.8532467e-01   4.7456554e-01  -2.4195436e-01  -5.4659414e-01   4.8710096e-01  -1.1387103e-01  -7.7420622e-01  -2.0551640e-01   1.5699111e+00  -2.3082699e-01  -2.5617203e-01  -7.3048359e-01   9.4165677e-01   9.8700136e-01
  -2.8771776e-01   3.9061737e-01  -7.0676100e-01  -1.9538046e-01  -2.1160653e-02  -3.1176400e-01   9.8763824e-02  -4.7095716e-01   1.1379478e+00   1.1432830e-01   2.5485823e-01   1.5824727e+00   1.4751943e+00  -6.4677870e-01  -4.9066389e-01  -1.1933073e+00  -3.9987862e-01   1.2311924e+00   9.2100525e-01  -2.9902539e-01  -4.9035866e-02   2.9382479e-01   2.4314126e-01   8.3359154e-03
  -4.6776101e-01   4.9001131e-02   9.5670901e-02  -2.3415367e-01   1.4960608e+00  -2.6385498e-01  -4.5020112e-01   4.7704121e-01   1.5747929e+00   4.6932837e-01  -4.0350178e-01   7.6074809e-01  -5.5238593e-01   2.7852795e-01   5.5747688e-01   1.4651442e+00   2.3487067e-01   3.2312986e-02   7.1832460e-01  -4.5492053e-01   3.4316853e-01   4.6266392e-01   1.1969535e+00  -3.8877994e-01
  -3.6213034e-01   1.2251811e+00   2.7345213e-01   2.9020041e-01   1.4672930e+00   9.6464366e-02   2.7504921e-01  -4.9238750e-01   1.1129985e+00   4.5853457e-01   1.4440024e-01   1.1826104e-02  -3.3666968e-01   1.2442259e-01  -1.3588401e+00  -5.6888187e-01   1.1353487e-01  -7.3268467e-01   1.5268235e+00   5.7799625e-01   7.8274556e-02  -2.6804394e-01   7.4904889e-01   3.2481113e-01
   8.9841789e-01   8.1052327e-01  -2.9396310e-01  -4.0902573e-01   1.4870068e+00  -5.8331919e-01  -6.7668289e-01   2.1335071e-01   2.6013112e-01   1.1232363e+00   5.2942917e-02   3.7356034e-01   4.2401680e-01  -5.1164550e-01   1.6814480e+00  -1.2342073e+00   3.2728651e-01  -2.8805026e-01   3.7340072e-01  -6.0347390e-01   3.6437295e-02  -1.4876412e-01   1.6209991e-01  -4.6914226e-01
   1.0994203e-01   6.1215770e-01   2.0606549e-01  -6.8996519e-02   4.7389761e-01   2.4845356e-01   3.8637482e-02  -1.6127829e-01   1.3642577e+00  -1.7031817e+00  -6.3724160e-01  -2.6510997e-02  -2.5597224e-01   4.7758359e-01   6.4435616e-02   5.6537831e-01   2.6772305e-01  -3.3999059e-01   1.9652015e+00   6.8039909e-02   2.7550307e-01  -8.9781143e-02   1.0792139e+00   4.0415338e-01
  -3.6997420e-01  -7.4149525e-01   2.6864010e-01   2.0810796e-01   1.6065204e+00   3.3476654e-01  -3.0059531e-01   4.3253325e-02   1.3716704e+00  -9.7824931e-02  -1.3861246e-01   6.8421090e-01  -4.5446193e-01   6.8709183e-01   6.0720772e-01   1.5149894e+00   1.0841338e-01   1.7284937e-01   1.5495243e+00   3.6211422e-01   9.2528857e-02  -2.1338305e-02  -1.0750155e-01  -3.1198400e-01
  -2.5333086e-01  -3.7935629e-01   2.3752776e-01  -4.2575631e-01  -3.2929391e-01   6.4914429e-01  -6.7729652e-01  -4.0166408e-02   1.4922844e+00   5.6520212e-01   4.2742661e-01   1.5276066e+00  -7.2545350e-01  -1.0484187e-01  -2.3619701e-01   6.2695462e-01  -6.5042120e-01   2.5851750e-01   7.8047568e-01  -1.5205654e-02  -1.5468319e-01   1.2902104e+00   1.0408657e+00  -8.0253178e-01
   5.9178889e-01   5.5783725e-01   8.4113210e-02   1.0757463e-01   2.2113225e+00   1.2557410e-01   5.4551560e-01  -3.4209743e-02   2.1631375e-01   2.6038256e-01   5.4426637e-02   2.6767293e-01   5.4251969e-01  -2.7242050e-02   8.9885676e-01  -7.6588017e-01  -3.2127623e-02  -5.2941114e-02   7.2303975e-01   9.0878755e-02  -7.9987049e-02   1.1399392e-01   1.1431594e+00  -1.5413011e+00
  -5.3131455e-01   1.1483986e+00   1.3892883e-01   5.6591469e-01   1.8404053e+00  -2.6172945e-02   6.0035431e-01  -6.9262815e-01   2.1940172e-01   3.6737034e-01   1.7072463e-01   2.0005611e-01   5.1510978e-01   2.2697324e-01  -1.0140897e+00  -9.5133400e-01  -1.3135874e-01  -4.0605095e-01   6.3849628e-01   6.7915452e-01   2.5566790e-01   5.1347548e-01  -1.1868392e+00  -7.3497015e-01
  -2.7483841e-02  -1.5858638e+00  -6.8216771e-01  -2.0770159e-01   5.1269966e-01   3.0972195e-01   1.7856045e-01  -3.4720331e-02  -4.8282439e-01   1.2019730e+00  -5.9259761e-02   8.9782888e-01   1.0355251e+00   1.7935722e-01   2.1075325e-01   1.6417168e+00   6.6895597e-03  -2.9783878e-01   6.9883531e-01   1.3970059e-01  -3.9924410e-01   3.0822867e-01  -5.3839660e-01  -1.0542296e+00
  -1.1041509e+00   2.2626567e-01  -5.4223770e-01   1.4850685e-01   9.5227617e-01   2.9052025e-01  -2.1314736e-02   1.8807885e-01  -4.2556068e-01   1.4126420e+00   4.5830798e-01   7.8499717e-01   1.1984584e+00  -2.5082630e-01  -1.6660640e+00   9.4405460e-01  -1.2401360e-01  -2.2037063e-02   1.0071017e+00   1.7047060e-01  -1.2481617e-01  -1.7636025e-01   2.4702217e-01   2.2469045e-01
   3.0086678e-01  -1.1950573e-01   1.8053009e-01   7.0835727e-01   6.3434476e-01  -1.2984465e-01   2.6137999e-01   6.8685120e-01   8.6779493e-01   3.0067980e-01  -4.6874586e-02   1.8795514e+00   1.1082411e-01   1.7030065e+00   8.7582558e-01   2.2501890e-01  -8.8365793e-01   1.9393422e-01   3.6668673e-01   2.5463095e-01   9.0417391e-01  -2.8976199e-01  -3.5962012e-01  -4.9428508e-01
  -4.3987137e-01   1.5574906e+00   1.2472161e-01   6.1838639e-01   1.0964010e+00   3.7680021e-01   1.9740753e-01  -1.7114989e-01   2.5689557e-01   9.4730765e-01   1.3194472e-01   4.9727035e-01  -5.5484807e-01   7.4530464e-01   3.9048609e-01  -1.6905868e+00  -4.3975094e-01   1.0818938e-02   1.3524239e+00  -5.6694287e-01   5.3261034e-02   1.1664028e-01  -1.0446093e-01  -3.1167874e-01
  -5.5477041e-01  -1.1835011e+00   1.1005024e+00   8.8784528e-01   9.6378022e-01  -2.6122862e-01  -6.4366353e-01   7.4431866e-01  -8.0726929e-02  -3.3074477e-01   3.9323106e-01   1.9821760e-01  -4.5710541e-03   9.8409647e-01  -2.6569784e-02   8.7291914e-01   1.0352103e+00   3.3613792e-01   1.0825595e+00  -1.9064520e-01   3.5907179e-01  -9.4682944e-01  -7.8817144e-02  -9.2801154e-01
  -1.7903481e+00   4.1653392e-01   3.9752126e-02   6.3790256e-01   3.8127804e-01  -3.6484328e-01  -1.0413480e-01  -7.1325369e-02  -6.0100574e-02   1.1566455e+00   3.1830046e-01   5.2705187e-01  -2.0317160e-01   1.6458911e-01  -3.2969333e-02  -2.8772476e-01   5.8571521e-02  -7.0671833e-01   1.7275072e+00   8.5891020e-03  -4.2310685e-01   5.0095826e-01  -9.8873723e-01  -1.0726793e+00
   3.7509179e-01  -2.4736664e-01   1.2902294e-01   5.2644737e-02   2.0245323e+00  -2.6154152e-01   5.3685743e-01   4.1581243e-01  -7.2922301e-01   9.5201582e-01  -3.1851909e-01   3.3769131e-01   1.1035286e-01  -6.3922025e-02   1.4850228e+00   5.5900168e-01   1.0668498e-02   1.3907333e-01   3.4685820e-01  -3.4089479e-01   3.4363279e-01   1.9768509e-01  -7.9476970e-01  -1.3849263e+00
   3.4234318e-01   1.1847071e-01  -1.1950624e-01  -2.5054225e-01   8.8497829e-01  -6.3817561e-01  -2.5431964e-01  -5.3975895e-02  -1.4237084e+00   9.1444701e-01   2.6499823e-01   3.9362088e-01   7.5714082e-02  -1.1344187e+00   7.1000480e-03   1.5300582e-01  -2.4790865e-01  -5.7414925e-01   2.0860641e+00  -5.3537804e-01  -3.5843930e-01   5.4128561e-02  -3.2704324e-02  -9.8354954e-01
  -3.0580619e-01  -4.4712549e-01  -1.8115850e-01  -3.7702787e-01   1.6752526e+00  -7.8409843e-02   7.2864288e-01   7.0461072e-02  -9.3629116e-01   3.3532426e-01  -8.2559323e-01   5.6986833e-01  -1.1553753e-01  -1.0639914e+00   1.6573288e-02   8.2344538e-01  -7.8801870e-01   1.3359557e-01   1.8218697e+00   2.3696072e-02  -7.0914321e-02   3.3997357e-01   2.7077988e-01  -4.5974258e-01
  -2.0601639e-01  -1.3847154e+00  -1.6571227e-01   5.7143483e-02   1.6677229e+00  -7.3945783e-02  -1.1356983e-01  -1.2108549e-01  -1.0118315e+00  -1.0706273e-01   3.9513607e-02   2.0804980e-01  -9.3047716e-02  -1.7542464e-01  -3.5253084e-01  -4.9267074e-01   1.8974155e-01  -1.9613302e-01   1.3810164e+00  -3.9171803e-01  -8.1787974e-02  -3.1224525e-01   5.2586651e-01  -1.7868078e+00
   1.7206097e+00  -3.8486594e-01   1.6471015e-01  -3.1847569e-01   8.3125430e-01  -3.8547534e-01   1.9724563e-01   3.8854323e-02  -4.4307649e-01   1.1826847e+00   8.2439641e-03   2.2125423e-01  -5.5815768e-01  -3.5450259e-01   1.8611671e+00  -1.1514701e+00  -2.1047473e-02  -6.8741582e-02   6.9969970e-01   2.9164845e-01  -7.8968398e-02   9.0161227e-02  -1.1301620e-01  -6.3621593e-01
  -5.3187835e-01   1.9382475e-01   2.9625356e-01   2.7980483e-01   8.1302780e-01   1.6364805e-01  -4.3295676e-01  -4.0788257e-01  -1.3817548e+00   8.0212337e-01   1.1038599e+00   1.0541677e+00  -1.0677894e+00  -7.6929688e-01  -2.0826688e-01  -1.2134637e+00  -1.6093542e-01  -3.0068684e-01   6.0161746e-01  -6.0167694e-01  -7.4437654e-01   1.9155584e-01  -7.0063031e-01  -6.4779371e-01
   3.9498914e-02  -1.9650832e-01   4.4265401e-02  -1.1501008e-01   6.5599090e-01   3.9959592e-01   2.8832549e-01  -9.4888553e-02  -2.0365958e-01   1.7043704e+00   4.1659018e-01   1.3903931e+00  -5.6391406e-01  -1.0344963e+00   7.1640706e-01   1.0535389e+00  -4.4533035e-01  -6.6565967e-01   1.2249160e+00  -1.2879319e-01  -3.9106876e-01   4.9084496e-01   1.3651431e-01  -7.9190356e-01
  -9.6712518e-01   5.9319514e-01   7.1237296e-01   8.1702179e-01   1.1277711e+00   9.6298128e-02  -1.8053477e-01  -1.0169291e+00   1.2393490e-01  -2.6633191e-01  -4.5581046e-01   4.3510514e-01  -1.1321173e+00   1.1880223e+00  -1.4455992e+00  -7.6278663e-01   1.2872241e-01  -7.4432343e-01   7.3989487e-01   1.5873237e-01  -2.0748962e-01  -1.9654426e-01   1.7314623e-01  -2.9489580e-01
   1.4392607e+00  -2.2409210e-02  -1.5951499e-01   2.2239092e-01   1.5401459e+00   1.8760604e-01  -1.6129956e-01   1.5361854e-01  -2.3976678e-01  -9.6007806e-01   1.2220364e-01   6.9521688e-02   4.3476652e-02  -1.0484476e-01   1.3781473e-01  -3.4702227e-01   9.9997051e-02   2.7064639e-01   8.9464349e-01   7.2460286e-02  -4.9278393e-01   4.5008397e-01   6.8862075e-01   2.1062911e+00
  -6.6087969e-02   1.2814152e+00   4.9885380e-01  -3.5706672e-01   1.0732942e+00   4.5810807e-03  -2.0508105e-01  -6.8244588e-01   5.4175496e-01  -1.2057477e+00  -2.5456164e-02   4.4596589e-01  -1.0740016e+00   4.7463185e-01  -1.8929303e+00  -9.6538073e-01  -1.0101346e-01  -1.1904141e-01   2.8344214e-01  -1.0718591e-01   2.2444521e-01  -2.8181856e-02   3.8912815e-01   3.9740351e-01
  -2.0291120e-01  -9.9436665e-01  -1.0317261e+00  -2.4279340e-01   4.7739911e-01  -8.6414796e-01  -5.8335859e-01  -7.4106020e-01  -6.0868388e-01  -6.9667584e-01  -8.3010858e-01   3.8309103e-01   4.9133971e-01   1.3610564e-01  -6.0020220e-01   4.9293775e-02  -7.2509474e-01  -1.1266150e-01   5.5357915e-01  -4.1524163e-01   1.4525967e+00   4.8074555e-01  -1.3271945e+00   7.4046147e-01
   1.9435614e-01   5.2915269e-01  -1.9715254e-01  -1.1584656e-01   2.1977532e+00  -1.7897771e-01  -6.8741792e-01   5.9132880e-01   4.8150349e-02  -3.9650807e-01   8.9102136e-03   2.3722416e-01  -1.5602539e-01   5.7164438e-02  -6.5684825e-01  -6.9449067e-02   2.0767182e-02   1.4491671e-01   3.0312994e-01   2.9847687e-01   4.1441392e-02   7.8087878e-01   8.5905832e-01   1.9271514e+00
   9.7835198e-02  -6.8691653e-01  -3.1821284e-01  -1.0909358e-01   1.2244648e+00   1.1101776e-01   1.7655943e-01  -5.9694952e-01  -1.4734064e+00  -9.6288007e-01  -5.9720272e-01   5.7540971e-01   3.0445755e-01   3.1612641e-01   7.0703045e-02   5.6797677e-01   1.6974828e-01  -1.3397577e-01   1.9830029e-01   5.9056556e-01   8.1461900e-01   7.6629147e-02  -6.6547412e-01   1.9112895e+00
   1.0690604e-01   1.2244588e+00  -2.9158512e-01   1.8238996e-01   1.8579102e+00   4.2409724e-01   1.0424138e-03   2.9267085e-01   1.8194685e-02  -2.9695153e-01   2.9228303e-01   4.4196209e-01   3.7013918e-01   7.7949983e-01   4.1314405e-01  -1.2191224e+00   1.0507113e-03   1.3747600e-01   1.7768569e+00   2.5168139e-01  -7.1595639e-02   2.0562932e-02   3.5153383e-01   7.1708268e-01
   1.2491122e+00  -1.6045352e+00  -1.4598352e-01  -1.2038484e-01   1.1359308e+00  -3.2018271e-01   2.4273472e-02   1.3096299e-02   1.2036394e-02  -4.6412283e-01  -6.8513028e-02   3.1438118e-01   3.6449888e-01   1.3681853e-01   1.7437966e-01   1.8914452e+00   6.1856892e-02  -2.7060536e-01   1.3115860e+00  -3.5129435e-02   1.6774707e-01   1.6747107e-03   5.2128589e-01   5.0862807e-01
  -6.5535802e-01  -6.6584986e-01   4.3237489e-02   6.6238947e-02   1.7718281e+00   3.2468864e-01  -1.2418653e-01   6.1856084e-02  -3.9319333e-01  -1.2698919e+00   1.0146118e-01   1.1248803e-01   2.5022408e-01   1.4983200e-01  -1.5240665e-01  -1.3056968e-01  -6.0828418e-02   4.0916182e-02  -2.2550714e-01  -2.9701507e-01   1.0436884e-01   1.1745938e-01  -1.4630274e+00   1.9057152e+00
   7.7797222e-01   9.3652993e-01  -3.1477943e-01   3.5963050e-01   1.4962507e+00  -4.5844856e-01   2.0961729e-01   6.7568803e-01   5.6561989e-01  -7.7219999e-01   3.8577142e-01   3.7172922e-01  -6.4344019e-01  -2.4920397e-01   7.0012242e-01   1.1585569e+00  -1.8422352e-01   6.6088873e-01   1.3156687e+00  -5.5780101e-01  -1.4390969e-01  -4.3008301e-01  -7.3067808e-01   7.5871116e-01
   8.0159384e-01   1.0381874e+00   1.0065810e-01  -1.5398008e-01   1.8813012e+00  -2.3226625e-01  -1.3569249e-01  -2.1410812e-01  -2.7430880e-01  -6.6833031e-01  -1.5033433e-01   4.1537821e-01   1.0317720e-02  -3.0581892e-01   4.5615622e-01  -8.6152494e-01   1.3861385e-01  -6.6347398e-02   1.6942148e+00  -3.5116884e-01  -6.8585634e-02   2.0617954e-01  -1.0646145e+00   7.9332989e-01
  -4.2230502e-01  -1.2737411e+00   6.7949212e-01   1.1233144e+00   9.7617275e-01  -4.9436694e-01  -8.6861247e-01   4.7614375e-01  -1.8419804e-03  -3.4270865e-01  -3.3977255e-01   3.9592725e-01  -9.9869579e-01  -2.5012881e-01  -6.0163784e-01   7.0418900e-01   7.2934192e-01   7.1929049e-01   1.0865180e+00   2.9091877e-01  -8.1925046e-01   3.2253626e-01  -6.5220124e-01   6.8897021e-01
  -5.9396827e-01   2.2540987e-01  -1.3572289e-01  -8.7891072e-01   7.2457725e-01  -3.5175020e-01   4.4440311e-01   3.8355896e-01   1.9836581e-01  -8.9083874e-01   1.1544702e+00   1.2236909e+00  -4.4885415e-01  -1.9614860e+00  -1.3876209e+00   7.0066884e-02  -7.3550411e-02   1.5335287e-01   2.7082998e-01  -1.5224569e-01  -1.9952519e-02  -1.9101395e-01  -8.3764836e-02  -1.7815091e-02
   1.5864580e+00  -6.6711116e-01   2.0642449e-01   5.6403780e-01   1.0911415e+00  -8.4207821e-01   2.3458086e-01   5.1578289e-01   2.2896375e-01   5.3459823e-01   8.8346139e-02   4.5372453e-01  -5.0290918e-01   6.7549813e-01   1.6149782e+00   1.3190652e+00   2.5949422e-01   4.3787446e-02   3.3487645e-01  -6.5896285e-01  -9.4706759e-02  -1.1300318e-01  -2.2283806e-01   4.0050110e-01
   1.3808832e-01  -2.5697133e-01  -1.8034078e-01   1.2985380e-01   5.8223027e-01   4.0838141e-02  -3.2672071e-01  -1.4379761e-01  -7.5364894e-01  -1.9218916e+00  -2.1761183e-01   1.2550508e+00  -6.2933314e-01   2.4581162e-02  -3.3211190e-01  -6.6071510e-01   2.7954364e-01  -1.9970289e-01   1.0547670e+00  -2.0674971e-01   2.6230240e-01   8.5386866e-01  -2.0755427e-01   1.5669982e+00
   4.4276702e-01  -4.1031078e-01  -3.2533258e-01   3.9523271e-01   6.1325282e-01  -5.9975177e-01  -2.4778646e-01   4.3796623e-01  -5.4570323e-01  -1.3639928e+00  -4.6488497e-01   1.4780959e+00  -1.3565106e+00   8.4092361e-01  -1.4172436e+00   4.6328968e-01   2.8629985e-01   1.2278042e-01   8.2908809e-01   3.6980618e-02   1.9791211e-01   2.4097028e-01   4.8539117e-02   4.1173345e-01
  -2.4287085e-01   2.4879460e-01   3.0684655e-03  -1.2088016e-01   1.8261325e+00   3.6906365e-01  -2.6442075e-01   3.3276930e-01   2.3205377e-02  -1.2402507e+00   3.3098522e-01   8.5079443e-01  -6.7759788e-01  -5.3956938e-01  -1.4605646e+00   2.2003420e-02   1.2001479e-01   2.6110527e-01   1.6163607e+00  -2.4766302e-01  -1.8544438e-01   4.6298623e-02  -3.2383865e-01   2.4240182e-01
   1.2181694e-01  -1.7249228e-01  -1.5953841e-02  -4.4340830e-02   2.2697411e+00  -6.3291508e-01   1.3112609e-01  -3.4762177e-01  -4.4009498e-01  -9.9844165e-02  -7.4632920e-02   3.3223635e-01  -1.4657947e-01   1.1741334e-01   1.0203842e+00  -6.8616247e-01  -2.5935709e-01  -3.5638757e-02   1.5624698e+00   1.3732459e-01  -2.1972667e-02   3.0847827e-01  -5.1074123e-01  -1.2291311e+00
  -3.5942796e-01   1.1122350e+00   1.5436227e+00   1.2936094e+00   1.9200440e-01   4.7028902e-01   6.8913901e-01  -1.6002354e-01  -2.7134836e-01  -9.0418510e-02   1.5947469e-02  -5.9799947e-02   5.9884322e-01   1.6315502e+00  -1.0068012e+00  -8.8131718e-02  -6.7342025e-01  -6.3056254e-01   4.5673946e-01  -2.5587654e-01   1.7034392e-01   6.2706578e-01  -3.7349749e-01  -6.6733405e-02
   6.8002410e-02  -8.4051621e-01   9.4618686e-02  -2.3967845e-02   2.0827157e+00   4.0728918e-01  -3.4114785e-02   3.8963020e-01  -5.1117212e-01  -6.6592014e-01   2.6760688e-01   3.3258492e-01  -1.0701736e-01  -4.0884633e-02  -2.6884148e-01  -8.3673942e-01  -1.6305335e-01   1.9595218e-01   1.9181740e+00  -1.7125221e-01  -4.7482293e-02  -1.4449708e-02  -5.6043905e-01   9.2738950e-01
  -1.1762803e+00   8.5635141e-02  -1.2075305e-01   3.1037018e-01   1.7865486e+00   1.8057165e-01   1.0006528e-01  -4.2694893e-01  -8.2649487e-01  -3.1945625e-01   5.2851077e-02   4.9554861e-01   4.1077909e-01  -1.8151189e-01  -7.2100186e-01  -2.3748142e-01  -4.1390806e-01  -1.9049814e-01   1.3307619e+00   1.7888983e-01   4.3005055e-01  -7.2695449e-02  -1.1908654e+00   1.2849507e+00
   9.3954700e-01  -3.5379693e-01  -3.5006645e-01   9.6953623e-02   2.0766456e+00   4.4382501e-02  -6.8672425e-01  -2.7231047e-01  -2.2704680e-01   2.7836505e-02  -7.3423199e-03   1.5634115e-01   4.9847436e-01   1.9382444e-01   1.0347728e+00  -5.1722556e-01   2.6254490e-01  -3.1970579e-02   8.7742120e-01   1.1120328e-01  -3.2020795e-01   4.0840861e-01  -1.5545449e+00   8.7217730e-01
   2.8975487e-01   3.8303342e-01   7.9455189e-02  -1.2614088e-01   1.8180952e+00   1.3680823e-01  -4.3595183e-01  -2.3359717e-01  -8.4100443e-01   1.0764654e+00   6.3214058e-01   5.4523730e-01  -6.9864136e-01   4.4807114e-02  -4.4298315e-01  -1.8242245e+00   2.2021349e-01  -1.9060366e-02   1.1408397e+00   2.1602535e-01  -3.8141843e-02   1.9660866e-01  -4.0396181e-01   2.9521907e-02
  -5.1065916e-01   2.5971299e-01  -1.5382369e-01  -4.4427314e-01   7.9967940e-01  -3.1638479e-01   1.8169625e-01   7.7637869e-01   4.0172824e-01   1.3659074e+00  -1.3618095e+00   9.2624813e-02   2.9237044e-01  -1.5029524e-01  -2.8794393e-01  -3.6049974e-01  -2.9114467e-01   7.5416133e-02   9.0601057e-02   1.5153331e-01   1.6450535e+00   1.9459298e-02   6.4964139e-01  -1.6167873e+00
  -5.1560134e-01  -5.4640301e-02  -2.2881825e-01   1.8093488e-01   1.3830466e+00   1.6569319e-01   3.2388294e-01  -1.8776742e-01  -5.1426828e-01   1.3529639e+00  -8.6139448e-02   7.6073647e-01   9.4156541e-02   1.0340934e+00  -2.2679974e-01  -2.8018674e-01  -6.1655706e-01  -4.5090625e-01   2.1474221e+00   3.8526237e-01   1.6020870e-01   9.2597425e-02  -5.4640597e-01  -1.6013388e-02
   2.1789837e+00  -4.4084027e-01  -3.0288181e-01  -1.4094147e-01   3.0071050e-01   5.4850262e-01   5.2824173e-02  -1.1949785e-01  -5.8558542e-01   1.9686046e-01   1.9695867e-02   9.1891259e-02   2.8977984e-01  -3.5409406e-01   1.5656995e+00  -8.1849009e-01   2.4912283e-01   7.6073845e-04   1.4309446e+00   5.0669914e-01   4.6589579e-02   1.0562003e-01  -6.2345034e-01   2.1936046e-01
   5.7842910e-01   3.6697948e-01  -2.9058278e-01  -8.5631989e-02   1.6613822e+00   3.3266672e-01  -6.2881589e-01   1.1359699e-01  -1.1078268e+00  -4.5627457e-01   6.4354420e-01   1.8739831e-01   1.9962147e-02  -6.8439603e-01  -6.2059695e-01  -7.7868366e-01   1.9667521e-01   2.9085549e-02   7.9985565e-01  -2.5253049e-01  -8.2630616e-01   1.8252428e-01  -1.7397271e+00   5.7355672e-01
   1.9062385e-01  -6.0734576e-01  -3.9938265e-01   2.4109630e-01   2.4405217e-01   3.9813507e-02  -8.0997631e-02  -1.5730241e-02  -1.5971906e+00  -5.8012885e-01   7.2757053e-01   1.1295727e+00   1.5276733e-02  -7.0624983e-01   1.3455632e-01   3.0772996e-01   2.8995690e-01  -3.2982564e-01   7.0253485e-01   2.1723223e-01  -8.9997613e-01   1.0696918e+00  -1.8119494e+00  -1.8318215e-01
  -1.4993241e+00   6.4231908e-01  -8.9180118e-01  -6.7015833e-01   7.6949036e-01  -7.5831026e-01   6.3727248e-01  -1.3629603e-01  -4.9927604e-01  -1.8881744e-01  -3.8222173e-01   7.3153682e-02   1.0468345e+00  -5.1238459e-01  -1.1380174e+00  -1.2686049e+00   2.1506226e-01   4.9162641e-01   5.7202435e-01  -6.5229458e-01   4.9068692e-01   1.5875723e-02  -4.1948059e-01  -5.8850187e-01
   6.6184884e-01  -8.7427020e-01   1.8260813e-01  -2.0463513e-01   1.9268439e+00   3.9731488e-01   4.4608757e-01   2.0213548e-02  -4.1707623e-01   3.7192765e-01   2.6953574e-02   9.2697644e-01  -7.1741235e-01   1.4237218e-01   1.7279006e+00  -9.8618716e-02  -2.5791651e-01  -4.8171330e-02   1.2563977e+00   2.0901363e-01   8.8764340e-02   5.5382434e-02  -4.9754649e-01  -1.4939080e-02
   5.5791956e-01   5.7389343e-01   5.0516957e-01   2.0775849e-01   9.9027687e-01  -3.8192025e-01   5.0407243e-01  -1.7465992e-01  -1.3911792e+00   2.6117387e-01  -3.6283118e-01   7.3560381e-01  -1.2108082e+00   3.4536816e-02   4.7333112e-01  -5.7734483e-01  -7.5942904e-01  -4.0658653e-01   2.0369194e+00   1.1318842e-01   1.0578588e-01   9.3720101e-02  -1.5207599e-01   4.4006523e-02
   3.3725873e-01  -1.3637446e+00   2.1856311e-01  -1.2365272e-01   1.2135383e+00   1.6187023e-02  -3.7218906e-02   4.6719987e-02  -8.2074118e-01   1.0992299e+00  -1.0623983e-01   5.7109892e-01  -7.3026502e-01   1.2168865e-02   4.7421694e-01   1.5525841e+00  -3.2695341e-01  -1.8084081e-02   1.4111930e+00   6.2838721e-01   7.0805870e-02  -1.6101035e-01  -5.7980084e-01   4.8788047e-01
  -1.2362562e+00   4.2365721e-01   1.6034505e-01   9.9535525e-01   5.6988549e-01  -5.3985178e-01  -2.0967922e-01  -3.5883895e-01  -1.1655339e+00  -3.9120322e-01  -9.4164652e-01   5.3760386e-01  -8.7649226e-01   5.0903362e-01  -8.3141202e-01  -9.2192757e-01   1.3538997e-01  -7.2028518e-01   1.0583926e+00   1.6742593e-01  -6.7065991e-02   7.7166903e-01  -9.5480406e-01  -1.8449144e-01
   1.2770511e+00  -1.0950593e+00   8.7421358e-02   9.0077478e-01   4.7422141e-01   1.4469516e-01  -1.3956332e-01   1.0203240e-01   9.5405394e-01   3.9477993e-02  -2.9669446e-01   2.7841678e-01   3.9861599e-01   6.5586679e-02   1.1092563e-01  -2.3036101e-01   1.9661109e-01   3.0624801e-01   4.8612112e-01  -1.5513225e-01   1.1139848e+00   6.8977046e-01   1.5900939e+00  -1.4599251e+00
  -5.2072388e-01   5.3568447e-01   1.2324708e-01  -1.2655894e-01   1.8988941e+00  -4.3552467e-01  -3.7984583e-01  -1.4923717e-01   5.3119534e-01   7.1879447e-01  -1.2466235e-01  -4.2876586e-01   6.8848252e-01   3.0121392e-01   2.9499710e-01  -7.8223068e-01   3.2587251e-01   1.6920279e-01   1.6642708e+00   2.2036020e-01   3.1886855e-01   2.1525891e-01   1.3259393e+00   5.7225764e-01
   1.1077504e+00  -3.8757610e-01  -1.4881036e-01   1.5461034e-01   2.0275877e+00   8.2686655e-02  -1.7651069e-01   1.2784171e-01   1.1599246e-01   4.0250978e-01  -2.3825280e-01  -2.1520276e-01  -2.4544263e-01  -3.5949838e-01  -1.0555155e+00  -4.9834540e-01   2.9967618e-01   6.0790002e-02   1.7152804e+00  -3.4009433e-01   1.8993829e-01  -1.0098315e-01   9.8992151e-01  -6.3491625e-01
  -4.8177132e-01  -5.1233667e-01  -7.4951863e-01   1.1726663e+00   6.6363460e-01  -1.4451157e-01  -7.2211027e-01  -9.2858195e-01   3.7233651e-01   4.2607725e-01   1.1263155e-01  -1.0239596e+00   4.2204219e-01   8.6500877e-01  -6.1030012e-01   3.0130746e-02  -1.0610746e+00   4.3512797e-01  -2.0115767e-01  -5.8555394e-01  -6.4194387e-01  -1.4388431e+00   8.1232345e-01  -4.4900697e-01
   1.1212407e+00   8.7543160e-01   3.7988663e-01  -3.6405191e-01   9.7045380e-01   7.1499294e-01   2.5524521e-01  -3.9480621e-01   9.6234655e-01   7.6509798e-01   1.4058374e-01  -6.7630434e-01  -6.1565191e-01   3.0048519e-01   5.4170972e-01  -9.2708069e-01  -3.2866421e-01  -4.2600179e-01   1.4138613e+00  -3.2933995e-02  -4.4412878e-01  -2.3641343e-01   1.1160337e+00  -7.9147375e-01
  -1.1049989e-01  -6.7517066e-01  -1.9864453e-02   5.0018888e-02   1.3089380e+00   4.7246041e-03   5.7826910e-02  -8.5417099e-02   1.8384839e+00   5.6278723e-01   2.3352286e-02  -4.1473454e-01   1.5147774e-01   2.2912467e-01  -4.8748553e-01  -1.0121286e+00  -6.3431591e-02   1.5388408e-01   7.3153204e-01   2.9055977e-01  -6.7575499e-02  -1.1885431e-01   1.8279051e+00  -7.6880789e-01
  -3.8505626e-01  -1.5402762e+00   1.3909262e-01   2.7456355e-01   1.2981527e+00   3.4732096e-02  -1.8620004e-01   3.3192534e-02   9.7886419e-01  -6.7244494e-01   2.1128075e-02  -8.4064029e-02  -1.5543298e-01   1.1134175e-01   1.4184086e-01  -3.9453357e-02   3.8500029e-01   2.4158947e-01   1.7043600e+00  -1.1123990e-01   3.4359828e-01   1.4597580e-01   1.7023220e+00  -1.5871172e-01
  -8.6644834e-01   1.2901649e+00   8.5162021e-02  -6.4231426e-02   1.6586789e+00   1.6388013e-03  -2.3794769e-01   7.4825205e-02  -4.6473017e-01   6.2645519e-01   2.0462708e-01  -1.8171297e-01   8.4875390e-02   4.6567923e-01  -1.0002413e+00  -3.3133402e-02   2.3247099e-02  -1.9507175e-02   1.7844623e+00   2.0582339e-01   2.7169746e-03  -1.0731151e-02   8.8673055e-01   9.1486126e-01
   4.3988872e-01   4.1929021e-01  -3.1674317e-01   1.2283818e-01   2.0149078e+00   1.6201220e-02  -2.7886951e-01   9.4166720e-01  -5.9182447e-01  -2.0315067e-01  -1.3183197e-01  -2.0666818e-01   1.0450275e-01  -4.6480590e-01   2.2783634e-01  -3.3801284e-02   4.6790871e-01   8.0125028e-01   2.0626318e+00   4.2811237e-02   1.2845181e-01   2.7321172e-01   7.3742008e-01   8.2848907e-02
  -3.1907037e-01   1.2467983e+00  -2.4016009e-01  -2.2362258e-01   1.5521760e+00   7.1614695e-01  -3.7750322e-01   2.4051778e-01   3.4075585e-01   8.0893272e-01  -2.3792586e-01  -2.0227508e-01   4.5948917e-01   3.4820832e-02   2.1785986e-01  -9.6607059e-01   1.4759316e-01   9.9212870e-02   3.3520782e-01  -5.3881001e-01   1.6478425e-01   6.1640948e-01   2.0507226e+00   7.4404001e-02
   9.3456946e-02  -1.7053932e+00   1.1088858e+00  -1.0775857e-01  -8.1570995e-01  -3.9787161e-01   5.3847436e-02  -5.8845782e-01   6.9246340e-01  -4.2027703e-01   5.6608105e-01  -2.7934276e-02  -5.1057523e-01  -4.9514666e-01  -1.1211351e+00   5.2495712e-01  -5.4481238e-01   7.1615797e-01   9.5574301e-01   9.0483308e-01  -5.1538420e-01  -1.4797543e-01  -2.8510430e-01   8.6161095e-01
  -1.3070613e+00  -1.2722625e-01   1.9607417e-01  -2.2824830e-01   1.5360712e+00  -3.5687047e-01  -1.5990013e-02   2.1325336e-01   1.2691550e+00  -5.5744492e-02   1.9762979e-01   4.3932170e-02  -1.0208832e-01  -1.1099846e-01   1.2100367e-01  -2.5252634e-01   2.5129637e-01   2.8325197e-01   2.2149255e+00   1.5203156e-01   3.0129397e-02   8.7396391e-02   6.3206005e-01   6.4483833e-01
   1.8599753e+00   1.2986845e-01   4.7810531e-01   7.9863197e-01   5.6282836e-01  -1.4387947e-01   2.2762187e-01   1.1364536e-01   7.1490699e-01   4.3163907e-02   2.3702562e-01   3.6962444e-01  -6.8980372e-01   8.5053706e-01   1.7989130e+00   6.9846757e-02  -3.5736120e-01   5.5137062e-01   1.2147720e+00  -1.3846265e-01  -1.8870328e-01  -8.1400871e-02   1.2787643e-01   3.5200882e-01
  -3.8923791e-01   2.5734997e-01  -7.0333347e-02   1.0087627e-01   1.5058919e+00  -5.6333035e-01   3.6097288e-01  -1.7969176e-01   1.0388432e+00  -9.6913743e-01  -1.8604061e-01  -9.7261024e-01  -8.1872630e-01   4.2274508e-01   5.1460415e-01  -1.0600638e+00  -5.0611055e-01  -6.7300364e-02   1.7661327e+00   2.6994503e-01  -2.0065345e-01  -1.6978379e-01   5.1093316e-01  -2.0532035e-03
  -2.4024753e-01  -1.3448246e+00   5.1694222e-02  -1.0443102e+00   2.2081734e-01  -8.2901426e-02   5.8434233e-02  -1.3153324e-01   1.2037426e+00   7.1775347e-02   7.4581891e-01  -4.5239511e-01  -5.8266771e-01  -9.3004905e-02   2.8309768e-01   6.5298510e-01  -1.3104147e+00   7.0307010e-01   1.8692250e+00   1.8408656e-01  -1.1421911e-01   2.2639747e-01   2.2370569e-01  -2.0162508e-01
  -2.6204047e-01  -6.9471109e-01   8.0595523e-02   3.5517685e-02   2.0581651e+00   2.2779906e-01  -4.9635731e-02   2.7325067e-01   2.8032708e-01   7.3813528e-01   1.3642631e-01  -9.6106803e-01  -6.7898512e-01  -2.3029095e-01  -1.5037817e+00   4.9174187e-01  -2.4555109e-02  -4.0334035e-02   1.3845880e+00  -3.7723166e-01   1.0759630e-01  -9.7409002e-02   5.7371396e-01  -2.8485933e-01
   1.4180666e+00  -2.8617674e-01  -7.1023017e-02   4.0003997e-01   1.7352712e+00  -6.6493732e-01   6.5419123e-02   4.8864132e-01  -4.3011442e-01  -8.4438413e-02  -3.4987230e-02  -7.9088872e-03   2.3749726e-01  -3.0178817e-02   3.6890194e-01   4.2592695e-01   2.1350990e-01   1.8969969e-01   1.5483032e+00  -3.9718738e-01   3.3004823e-01  -1.1804247e-01   6.3252217e-01  -1.5224978e+00
   1.0422394e+00   3.7458634e-01   9.0361997e-02   3.0139944e-01   1.7246455e+00   6.6197783e-02   4.2161009e-01   3.5299554e-01  -1.1157585e-01   1.2339920e+00  -1.7078803e-01   2.1227367e-01  -1.7663263e-02   3.6917016e-02  -2.6253369e-01   8.9991063e-02  -2.0612997e-01   2.0137402e-01   9.8976910e-01   3.7806886e-01   4.1707072e-01  -2.8104862e-02  -1.3829801e+00  -1.5531157e+00
   1.4928703e-01  -1.5268927e+00  -9.2345583e-01   5.8824611e-01   8.6859278e-02   3.0506819e-01   1.2176207e-01  -3.2249033e-01   3.5975248e-01   1.0549247e+00  -2.0422293e-01  -9.0838158e-01   7.7013218e-01  -5.9108478e-01  -1.0356883e-01   9.9129748e-01  -1.7777136e-01  -1.7701127e-01   3.4183213e-01  -1.9600809e-01  -7.4325418e-01  -8.6346149e-01   1.1766670e+00  -1.1323845e+00
  -3.0767092e-01   2.9840466e-01   1.4063853e-01   3.7015656e-01   1.5604815e+00  -3.6011916e-01   2.0259310e-02  -1.7077891e+00  -5.2519262e-01  -2.8782037e-01  -1.7794454e-01   9.0568244e-02   6.6672939e-01   1.6138561e-01  -6.0905904e-01  -4.4866326e-01  -4.8199365e-01  -9.1729683e-01   9.5076060e-01   2.9627254e-02  -1.1388522e+00   2.2699802e-01   5.2396983e-01  -1.0652529e+00
   1.5302513e+00  -8.0736047e-01  -4.0722233e-01   5.6372857e-01   1.6888104e-01   8.2536614e-01  -1.8896127e-01  -2.7443758e-01   2.9708195e-01   1.1616118e+00   1.1002176e-01  -6.6898799e-01   1.9210938e-01   5.9843296e-01   1.4408841e+00  -3.9664034e-02   2.2270997e-01   3.5982612e-01   1.0417850e+00   3.2588047e-01  -3.5232980e-02  -5.3273493e-01  -6.2679738e-01  -1.1329604e+00
   1.3488045e+00   1.4841368e+00  -6.8961427e-02   1.0022624e+00   4.3983820e-01   6.2613177e-01  -1.2814967e-01   4.6157843e-01   3.2691110e-02   3.5253355e-01  -1.0715694e-01  -2.0936549e-01   3.5016999e-01   2.7268553e-01   2.2543412e-02  -1.1245968e+00  -7.0588762e-01   5.5520046e-01   1.6456820e+00   2.9149806e-01   2.5391930e-01  -4.4636393e-01  -7.8441000e-01   1.7931542e-01
   3.5535592e-01  -1.3011800e+00   2.2772792e-01   1.2224624e-02   1.2236154e+00   5.7726569e-02   1.1307169e-01   3.0054703e-01   5.8057618e-01   1.4379127e+00   7.2988741e-02  -2.6549536e-01  -1.4621486e-01  -9.2014916e-02  -3.5052353e-01   4.6955567e-02  -2.0136543e-01   4.2655843e-01   2.1101487e+00  -9.8766364e-02   1.5092319e-01   1.7327718e-02  -2.1064895e-01  -1.0663655e+00
  -1.7596446e+00   1.0285570e-01   3.2481501e-01   5.1306807e-02   1.1757526e+00   6.4131236e-01  -3.2299128e-01  -1.4564830e-01  -2.5479528e-03   9.9861974e-01  -1.1740401e-01  -7.6555723e-01   1.3050386e-01   1.6756558e-01  -1.4155887e+00   1.4384192e-01  -5.7306360e-02  -1.0325648e-01   1.0130206e+00  -1.3486870e-01  -1.4744723e-01  -1.4612617e-01  -3.8820747e-01  -1.3952699e+00
   1.0284079e+00   1.1833467e+00  -1.0699627e-01  -5.9496629e-01  -3.3275802e-02  -8.0285102e-01  -1.2032348e-01   2.9802683e-01  -5.2626181e-01   1.3493118e+00   8.8266127e-02  -6.4901900e-01   4.0112216e-02  -3.1380281e-01   3.4884802e-01  -2.2005810e-01   2.5779855e-01  -5.2746648e-01   1.6560189e+00  -2.1315096e-01   1.6801573e-02  -5.9477109e-01   9.6091032e-01  -1.1049671e+00
  -9.8883137e-02   1.1907284e+00  -3.1784144e-01  -8.4512204e-01   1.4395554e+00   1.6697264e-01  -9.9192297e-01   9.2758112e-02  -6.0525465e-01   1.8500666e-01   7.1350950e-01  -1.3568448e-01   6.0000733e-02  -9.9634171e-01  -7.6001811e-01  -8.3111858e-01   6.1613548e-01   1.7200381e-01   1.0068518e+00  -3.4420934e-01   6.1409569e-01  -5.3759503e-01   3.7017709e-01  -1.0616388e+00
   1.6409260e+00  -6.9987798e-01   3.9519213e-02  -2.7895111e-01   1.3715789e+00   6.1985868e-01   3.3487204e-01  -2.4144899e-02  -5.5102837e-01  -2.1659596e-01  -3.7151936e-01  -6.7795569e-01   3.5733473e-01  -4.8455775e-02  -2.4520999e-01   1.1607265e+00  -2.1588206e-01  -1.3239484e-01   1.6142639e+00  -1.0519536e+00   7.9451695e-02   3.2411527e-02   3.6157791e-02  -2.9845679e-01
   1.9138555e-01   2.5764531e-01  -1.7994116e-01  -6.5286808e-02   1.1661589e-01  -3.4472194e-02   7.8859486e-02   1.1687616e-01  -1.6180481e+00   1.0885707e+00  -2.5102494e-02  -1.5953625e+00  -4.9656043e-03  -8.3878118e-01  -1.2372004e+00  -1.5804558e-01  -2.0936938e-01  -4.9305683e-01  -1.3545087e-01  -5.9938246e-01   3.0011749e-01  -9.9927360e-01  -6.6660333e-01  -1.0099796e+00
   8.2289118e-01   3.9998248e-02  -1.8652315e-01   1.7448492e-01   2.0107386e+00  -1.2023557e-01  -4.4255808e-01   3.3672881e-01  -6.9732118e-01   4.2794040e-01  -2.0054340e-01  -4.9832344e-01  -4.5364937e-01   3.1854859e-01   2.4831185e-01   6.8479806e-01   4.5720771e-01   2.6096162e-01   2.1431198e+00  -7.8188784e-02  -9.2145406e-02  -3.7836600e-02  -4.0864906e-01   2.0074706e-01
   4.6142522e-01   5.9471262e-01   2.1808429e-01  -1.7147972e-01   4.0151246e-02   4.7509366e-01   2.3526880e-01  -1.1195066e-01   1.5215130e+00   1.3936236e+00   2.2646204e-01  -7.6250046e-01  -4.8031855e-01   4.1259488e-01  -4.5275652e-01  -7.1730494e-01   2.3481977e-01  -2.0702660e-01   1.4041154e+00   5.5828649e-01  -5.1818663e-01  -4.2594618e-01   3.2468587e-01  -1.4540623e+00
  -1.6708690e-01   2.5719255e-01   2.2858046e-02  -1.2759268e-01   1.6855581e-01  -6.4534551e-01   1.9969600e-01   3.6067173e-01  -7.9079431e-01   1.7492923e+00  -3.5318285e-01  -1.3662226e+00  -8.9476055e-01   1.9040467e-01  -6.5258408e-01   1.2899104e+00   4.5218495e-01  -2.6992714e-01   7.2148931e-01  -1.5680198e-01   4.1476312e-01  -6.9961590e-01  -7.3134594e-02  -1.0870674e+00
  -1.9698663e+00  -5.1198965e-01  -2.7999079e-02   1.1386801e+00   7.1899533e-02   1.9134948e-01   2.1508200e-02   3.7508044e-02  -2.6554993e-01   9.6451104e-02   3.9561775e-01  -1.0602302e-04   1.5161631e-01   4.7894919e-01  -6.4228320e-01   1.5532139e-01  -2.7574557e-01  -1.0746611e+00   1.6603173e+00  -7.5250643e-01  -3.8510647e-01  -3.2290971e-01   3.1612375e-01  -8.2748663e-01
   8.8356727e-01  -1.1156286e+00  -1.0904188e-01  -1.7568068e-01   1.8547516e+00   4.3471482e-01   1.5752254e-01  -1.5615934e-01   1.0470793e-01  -4.1605830e-01  -1.1314903e-02  -8.4649545e-01  -1.2877001e-01   2.1514316e-01   7.3370922e-01  -3.9328080e-01  -1.6113260e-01  -2.0490196e-01   1.9292893e+00   2.7530579e-02  -1.7299905e-02  -1.7440113e-01   5.8894360e-01   6.5467191e-01
  -4.9247560e-01   1.8503615e+00  -8.0247229e-01   3.6110181e-01   5.2840537e-01  -9.2820209e-01   5.1136720e-01  -1.7629781e-01  -2.2981435e-01  -4.0422818e-01  -2.7764637e-03  -3.0965596e-01   4.7171110e-01   1.7040811e-01   4.7659487e-01  -9.4611859e-01  -7.8334033e-02   3.2046956e-01   7.6903164e-01  -2.3052387e-02   8.4921114e-02  -7.8041339e-01  -1.6557145e+00   6.1770356e-01
   6.1541665e-01  -1.2827344e+00  -1.6812822e+00  -9.4466126e-01   2.6033556e-01   3.6178109e-01   4.9043179e-01  -2.8514823e-01   1.9267379e-01  -3.9471969e-01  -1.7057683e-01  -3.2412428e-01   7.6134229e-01  -5.5976372e-02   1.2445456e-01   4.4237766e-01   3.2830599e-01  -1.0835390e+00   7.5291568e-01   1.7359647e-01   1.1753491e+00  -5.8155388e-01   4.9011606e-01   8.8119280e-01
  -6.7005318e-01   6.1839056e-01  -3.3099025e-01   7.5208768e-02   1.9830499e+00  -1.1422229e-01   4.4388556e-01   2.7463892e-01   3.3220211e-01  -7.3296100e-01   2.8210288e-02  -7.7684425e-02   1.3218638e-01  -6.5128937e-02  -4.9994689e-01   7.7631265e-01  -5.5913723e-01   4.4778159e-01   2.0802159e+00   4.0191808e-01   1.6274209e-01   1.1897766e-01  -1.5393674e-01  -4.9026045e-01
  -1.0342734e-01   3.0586669e-01  -8.0558863e-03  -2.2646558e-02   1.6637070e+00   7.7951247e-01   8.6773694e-02  -1.0073198e-01  -7.2367895e-01  -1.3054830e+00  -1.7351614e-01   3.1714090e-03   7.9381853e-02   5.0419497e-01   7.5575125e-01  -8.4671569e-01   5.2723106e-02  -2.9684937e-02   2.8893957e-01   9.1770297e-01   1.4297678e-01  -8.7023862e-02   3.4977764e-01   1.9014550e+00
   9.2944980e-01   2.0380247e+00  -1.5197980e-01   5.4100066e-01   6.0616505e-01  -3.3523941e-01   1.5289496e-01   4.4137355e-02  -3.2242167e-01  -3.7140921e-01   3.4770793e-01  -4.0038466e-01  -2.7962184e-01   1.2838109e-01   4.2924973e-01  -7.2830039e-01  -3.4515074e-01  -4.5543917e-02   1.7370148e+00  -1.3036110e-02   6.0941610e-02  -2.0314634e-01  -2.0321970e-01   1.2666179e+00
  -3.3130038e-01  -2.1455460e+00   5.9706938e-01   1.0256082e-01   5.9931272e-01   5.0464338e-01  -5.4607294e-02   9.1284171e-02  -5.0648206e-01  -1.1353645e-01  -5.1856411e-01  -7.1366721e-01  -2.8225145e-01   5.0803834e-01   8.5850000e-02   1.7201152e+00   7.0522748e-02   2.3118037e-01   1.1990399e+00   5.6969941e-01  -3.8000207e-02  -7.7377856e-02  -1.9890958e-01   2.7469936e-01
  -1.9044827e-01   1.2567909e+00  -1.5052232e-01  -4.5665957e-02   7.5867945e-01   9.7095482e-03  -4.3318853e-02   1.5819257e-01  -1.0392615e+00  -1.5047137e+00   6.7325778e-02  -4.7841203e-01  -3.8554844e-01   3.6496285e-01  -3.6578104e-01   1.4861320e-01   2.3683795e-01   1.4932185e-01   1.3178270e+00   1.8628733e-01  -1.1146849e-01   3.0270550e-01   9.0527004e-01   1.7228404e+00
   5.4745263e-01  -5.2119583e-01  -7.7180177e-02   3.0856326e-02   1.5516049e+00  -9.8747009e-01  -3.4346113e-01   1.5791442e-01   6.5469062e-01  -1.1419241e+00  -7.2914630e-02   1.3927661e-01   2.5824433e-02  -5.2312076e-01   9.7285819e-01   2.4442740e-01   1.8180106e-02   6.4844020e-02   2.4460505e-01  -4.3170744e-01   1.7144614e-01   7.2210222e-02  -1.1175224e+00   1.8232436e+00
  -9.1343844e-01   1.0769717e+00  -9.4826706e-03  -4.7133967e-01   1.3321626e+00  -3.1213564e-01  -1.7209607e-01   3.3406428e-01   4.2165980e-01  -1.1604751e+00   1.9424771e-01   8.1954055e-02   1.8040078e-02  -1.6752866e-01   1.5665485e-01   1.0894548e-01   5.5922329e-01   4.4245261e-01   2.2433488e+00   7.9914667e-02  -2.6263630e-01  -5.7561662e-02  -5.3662461e-01   4.7823429e-01
  -7.7631301e-01  -6.6691375e-01  -2.6215872e-01  -2.8498334e-01   1.9854406e+00   9.5712796e-02   6.3951766e-01   7.9564393e-02   8.8674441e-02  -4.7173917e-01  -1.0599209e-01  -3.6392629e-01  -1.3075769e-01  -5.8543795e-01   5.0282699e-01   8.5868251e-01  -5.7059652e-01  -9.4953123e-03   1.9131840e+00  -4.4666525e-02  -4.9384881e-02  -2.8824317e-01   7.5071163e-02   7.9560858e-01
  -8.4544033e-01  -3.7823316e-01  -3.6357322e-01  -5.1558018e-01   3.7035170e-01  -4.5831785e-01   4.1694310e-01  -2.4461594e-01   1.3529485e-01  -1.5095432e+00   5.8241493e-01  -1.1254650e+00  -4.5938817e-01  -1.6021873e-01  -5.6751501e-02   2.7771765e-01  -1.5353994e-01   7.5684512e-01   9.0079111e-01  -6.1086482e-01  -5.4146868e-01  -1.1711718e+00  -3.8222715e-01   1.5334305e+00
   1.8453532e+00  -8.5089487e-01  -2.4360564e-01   6.3402307e-01   4.2897007e-01  -2.1590908e-01  -3.5898902e-02   1.8539284e-01  -1.9089031e-01  -9.2795324e-01   3.0013007e-01  -2.2211343e-01   4.3743029e-02   2.0505002e-01   2.2168314e-01   5.8573276e-01   6.9104671e-01   1.7519030e-01   1.8580396e+00  -3.6153311e-01  -4.0260684e-01   1.6790412e-01  -5.8038247e-01   1.0254327e+00
  -6.4324453e-02   2.7579337e-01   7.0145741e-02   1.1721477e-01   3.3566368e-01  -6.6149306e-01  -9.3255922e-02  -2.9475364e-01   1.5899473e+00  -1.2061408e+00   8.2177597e-01  -1.0929440e+00  -7.0313317e-01  -2.1274842e-01   5.4934782e-01  -9.8308420e-01  -4.2873999e-01   2.0204200e-01   7.8103918e-01  -7.0639914e-01   5.6523677e-02  -7.8699243e-01   5.3543258e-01   1.1627442e+00
  -6.5052021e-01  -2.8161606e-01  -1.3684864e-01  -1.5230371e-01   1.3329121e+00   7.4263081e-02   3.3067811e-01   3.2276541e-01   4.0537825e-01  -1.7074075e+00   4.1483238e-01  -6.1552089e-01  -2.0961216e-01   2.8259900e-01   6.8822140e-01  -4.1487718e-01  -3.1424913e-01   1.9110636e-01   1.2837043e+00   7.3148482e-02  -5.9089744e-01  -1.6595376e-01   1.0554407e+00   1.3344005e+00
  -1.5119081e+00   4.2033198e-01   7.8337049e-01   1.1828972e+00   1.1372938e-01   2.4052100e-01   3.2385331e-01  -5.3878710e-02  -2.7731249e-01  -7.6079452e-01  -8.5375643e-01  -3.1112637e-02  -1.0677761e+00   8.8720483e-01  -1.3918213e+00  -3.6532065e-01   1.9639747e-01  -6.6597772e-01   7.7060515e-01   3.4721449e-02   4.1208553e-01  -4.8142457e-01   6.7810994e-01   1.5471461e-01
   1.7933781e+00   3.7880170e-01  -3.2427028e-01   8.1319354e-02   9.3964495e-02   3.2844432e-02   2.9205138e-02  -4.9679849e-02  -1.4538599e+00   3.3335451e-03   1.8901236e-01  -6.3033885e-01   3.4962428e-01  -3.9527628e-01   8.4568208e-01   6.2448597e-01   1.6136453e-01  -2.4683391e-01   1.0665383e+00   7.3980562e-02  -1.2958123e-01   3.6665955e-01  -1.6887162e+00   5.9326369e-01
   3.5312748e-01   5.8676094e-01   1.3958588e-02  -1.3990384e-01   2.0095899e+00  -7.0315772e-01  -5.3231227e-01  -1.6838972e-01  -5.6276339e-01   5.0452316e-01   4.3310857e-01  -3.7276834e-01   4.9626499e-01   8.4602013e-02  -5.8433676e-01   5.2374357e-01   9.5479116e-02  -2.6828855e-01   1.7246206e+00   1.0162436e-01  -2.0741849e-01   2.2210254e-01  -1.3008232e+00   2.2235005e-01
  -3.9736667e-01  -9.6597236e-01   1.0812986e-01   1.5662025e-01   1.8822161e+00  -7.7480370e-01  -3.8434049e-01   4.8395443e-01  -5.8954942e-01   1.2897265e-01   3.1600273e-01  -2.2584319e-01   6.0896683e-01  -1.4525507e-01  -5.9505183e-01   1.1004467e+00   9.6971532e-03  -3.1814273e-02   7.0199406e-01   3.7878141e-01  -8.4791929e-02  -3.8746569e-02  -1.7814904e+00   2.3650920e-01
  -2.7307147e-01   1.2261487e+00  -1.2230445e-01   7.1974736e-01   2.0544124e-01   3.7648705e-01   9.3068769e-03   2.0976150e-01  -1.0926632e+00   1.1108942e+00  -3.1367511e-01   2.0636079e-01   2.6018417e-01   2.5575051e-01  -3.1217757e-01  -3.4791192e-01  -1.0851094e+00  -5.1556051e-01   1.9051079e+00   6.0279763e-01   3.0258891e-01  -3.7698227e-01  -4.7462544e-01   9.1944253e-01
   3.9865094e-01   4.6690282e-01  -6.8298578e-02   2.4166214e-01   1.6504596e+00   6.8952793e-01   5.0974745e-01   1.6225944e-01   1.6812794e-01   1.1973817e+00  -1.7045702e-01   3.3794957e-01  -3.3172065e-01   7.5524902e-01   1.0118811e+00   3.7064040e-01  -3.5677108e-01   1.2607694e-01   1.6837944e+00  -3.6521164e-01   1.9150653e-01  -3.1832197e-01  -6.3566762e-01   9.8671454e-01
   8.8836020e-01   1.3307700e+00  -1.7637151e-01  -3.8756338e-01   1.0336964e+00  -2.0187451e-01  -2.9325864e-01   5.4644486e-03  -1.2148672e+00  -6.3214086e-02   2.8258869e-01  -4.0872520e-01  -2.4515039e-01  -8.5718580e-02  -8.4888399e-02  -2.3457067e-01   3.3265340e-01  -4.5792508e-01   1.2809991e+00   1.9970264e-02  -2.4506858e-01   6.3468796e-01  -1.7625179e+00   8.2200229e-01
   4.5776439e-01   1.4147875e-01   7.0237368e-02   2.0196241e-01   1.3514712e+00   1.9048458e-01   3.1035754e-01   4.5842993e-01  -1.6631269e+00   6.7220253e-01  -5.8937502e-01  -3.6877298e-01  -1.0447358e-01   1.3597126e-01   1.6124833e-01   6.8737441e-01  -4.1043845e-01   1.2215343e-01   1.0118705e+00   4.0847361e-01  -2.8330749e-01  -6.2990654e-01  -8.9619482e-01   1.6346434e+00
  -1.5437746e+00  -2.4093796e-01  -2.0339814e-01   3.6443236e-01   1.2215216e+00  -8.6475444e-01  -1.1866946e-01  -2.8006604e-01  -4.2726105e-01   6.7233449e-01   2.1794291e-01   4.4315461e-02   4.6415317e-01   6.0290557e-01  -1.9610347e+00   5.4345220e-01  -2.0389952e-02  -3.0437726e-01   1.1053506e+00   3.2097924e-01  -9.8847575e-02   4.9425263e-02   1.7003816e-03  -4.6691325e-01
   3.6733747e-01  -6.0637426e-01  -1.5897964e-01   2.7069309e-01   2.6535487e-01  -1.3279969e+00  -9.8697416e-02   4.5577812e-01  -1.7997755e+00   8.4586836e-02   6.1979079e-01  -6.1164364e-02  -4.0086150e-02  -2.0932519e-01  -3.4308526e-01   6.5996617e-01   3.1601709e-01  -3.5162602e-02   7.9333621e-01  -1.6982104e-01  -1.7329088e-01  -4.9038807e-01  -9.8434067e-01  -1.7651299e+00
   5.2042824e-01   1.6513519e+00   1.6672058e-01   9.4501980e-02   5.5315566e-01  -5.4714710e-01   1.9654150e-01  -8.1867233e-02  -1.0473503e+00  -8.8982195e-01  -1.4499654e-01  -3.8506934e-01  -2.6503050e-01  -5.1373500e-01   3.4360170e-01  -1.1041430e+00   4.2367056e-02  -3.0562255e-01   1.3696983e+00  -1.9053189e-01  -2.6096886e-01  -1.0317622e-01  -2.8675634e-01  -1.5546196e+00
  -4.8003608e-01   9.6364461e-02  -7.6398857e-02  -1.5274832e-01   2.0598426e+00  -4.4193998e-01   2.5686009e-02   3.6443013e-01  -7.5673908e-01  -5.1555020e-01  -1.4043653e-01  -1.1219710e+00  -6.3967067e-01   4.3931063e-02   9.0374398e-01   1.1833425e+00   5.9084076e-02  -2.8752357e-02   1.3544317e+00  -2.2439790e-01  -7.9539521e-03  -2.6092362e-01  -5.5950403e-01   3.7932003e-01
  -1.8311543e+00   1.7222261e-01   7.3428437e-02   2.2342104e-01   1.5651770e+00   1.1870143e-01  -5.9294868e-02  -2.6587087e-01   1.0891528e-01   2.1505444e-01  -1.4689443e-02  -5.3511095e-01   1.5264780e-02  -4.0996045e-02  -1.1670343e+00   3.4374651e-01  -3.7945531e-02  -2.8688166e-01   1.9250435e+00   1.6378896e-01   8.3788089e-02   5.0573409e-02  -3.9082494e-01   4.6736985e-01
   6.2351286e-01   9.0716645e-02  -9.7387575e-02   1.2480049e-01   3.1361568e-01  -9.5057495e-02  -1.1521523e-01   5.7998184e-02  -1.6937231e+00   1.2698352e+00   2.3356557e-01  -9.9073839e-01  -7.5332427e-01   1.1464804e-01   5.3907907e-01   3.4173134e-01   4.0128985e-01   2.9535183e-01   1.8514642e+00   2.6124465e-01  -1.6726357e-01  -3.9692289e-01  -9.1602439e-01  -4.2371011e-01
  -1.0763506e+00   1.1208808e+00  -8.1148714e-01   3.8010901e-01   9.6269608e-01   2.6088983e-01   3.9729452e-01   3.1231785e-01  -4.9724060e-01   8.2323718e-01  -6.0558450e-01  -3.1101927e-01   1.3936631e-01  -1.0141040e-01  -5.5043483e-01  -1.4580050e-01  -1.1877604e+00  -2.3157032e-02   1.8448080e+00   2.9055020e-01   4.0942967e-01   2.3796892e-01  -5.3374135e-01  -6.1749738e-01
  -7.3719430e-01  -1.0468167e+00   1.3206049e+00   2.0230213e-01   8.4716994e-01   2.7280021e-01  -9.6258801e-01   2.7100983e-01   5.6418204e-01  -1.9525795e-01   2.6840246e-01   7.1035469e-01  -1.3713994e+00   6.7734843e-01  -2.1325083e-01   1.3845819e+00   1.4706860e-01   3.0307931e-01   2.9281276e-01   2.3103623e-01  -4.6607611e-01  -7.3615605e-01  -6.9802588e-01  -2.2250690e-01
  -6.8574387e-01  -7.4781871e-01  -3.4862094e-02  -2.2049774e-01   3.8614368e-01   4.9421206e-01   7.0646048e-02   3.4774441e-02  -1.7361197e+00  -1.0483952e+00  -4.8407885e-01  -5.1807749e-01  -5.8291209e-01  -1.2676975e-01  -5.9609836e-01   1.5400482e+00  -1.5175529e-01  -6.5763205e-02   8.8280576e-01   2.8981942e-01   5.8266170e-02  -2.7806482e-01  -9.8309684e-01   9.4038612e-01
   1.3200239e+00  -1.0952141e-01   8.4311396e-01  -5.0238973e-01   1.3663893e+00   2.2952628e-01   1.0652364e+00  -3.9966896e-01   5.0732553e-01  -1.7871000e-01   3.0423006e-01  -2.9760554e-01  -4.0724194e-01  -1.0083622e+00   1.3680322e+00   4.7608078e-01  -2.2952352e-02  -2.7789906e-02   5.1719092e-02   1.2237607e-01  -9.2327213e-01   1.2375897e-02   8.8194609e-01  -8.1702483e-01
  -4.6077469e-01   7.2937733e-01  -2.3634435e-01   7.4324258e-02   1.9897133e+00  -1.0956193e-02   5.8250296e-01   2.6641244e-01   8.9061755e-01  -1.4322783e-01   1.0599052e+00  -1.4788038e-01  -4.3997210e-01   9.2470041e-03   1.0632281e+00   5.1542234e-01  -2.3942100e-01   3.2494012e-01   1.4799581e+00  -3.1564534e-01  -3.5100228e-01  -5.5942196e-02   7.2189730e-01   4.1941291e-01
  -7.0863336e-01   5.2738935e-01   2.2031555e-01   2.6080292e-01   1.0130259e+00   2.5891313e-01   4.6053104e-02  -3.7094575e-01   1.6217393e+00  -8.5019928e-01  -3.9239132e-01  -5.4502875e-01  -9.6900746e-02  -2.6124313e-01   2.0176303e-02   4.2445440e-02  -1.6706696e-01  -6.3091949e-02   1.5037744e-01  -3.9946079e-01   3.9402220e-01  -7.1328902e-01   1.8598744e+00   1.2842004e+00
  -1.4170657e+00  -3.6498791e-01  -3.3627287e-01  -7.3125321e-01   1.5754209e+00  -3.2454705e-01   6.2712562e-01   5.6589258e-01  -2.0584440e-02  -1.1194847e-01   2.6586041e-01   1.3094321e-01  -6.4850457e-02  -9.9723086e-02  -4.1074267e-01   5.4537070e-01  -9.2720050e-01   3.1868362e-01   1.5338986e+00   9.3229437e-01  -3.2743526e-01   4.1934103e-01   9.2850763e-01   2.3613725e-02
  -4.7724403e-02   5.5947465e-01  -1.2841284e-01   2.2937922e-01   1.0535893e+00   5.3167564e-01   1.2861584e-01   3.7766388e-01   1.6734148e+00  -4.3791586e-01   1.0642248e+00   4.6725374e-01  -6.3508445e-01   6.7821437e-01   1.8339981e+00  -3.2056141e-01   2.5768304e-01  -2.1705812e-01   1.4436212e-02   3.7532830e-01  -5.2615857e-01   2.1500784e-01   8.9943075e-01  -6.6767760e-02
   9.3474036e-01   1.7103577e+00  -4.3567961e-01   6.5094811e-01   9.0856922e-01   9.0841144e-02   1.6461606e-01   1.5393469e-01   6.4847422e-01  -6.9573872e-02   3.3498675e-01   2.5914466e-01   7.8590143e-01   2.5793976e-01   2.0060226e-01  -1.8701175e+00  -1.1982225e-01   2.5836922e-02   2.3568103e-01   1.1436712e-01  -4.7787273e-01   1.1944112e-01   7.2024566e-01   1.0155412e+00
   1.8104111e-01  -2.2640334e-01   5.3285822e-02   1.8679558e-01   1.5892738e+00   3.1932676e-01  -1.9226830e-01   4.4091383e-01   2.7788931e-01  -1.4195375e+00   7.2511947e-01   1.7142798e-01   2.5970954e-01   8.1528121e-01   1.4843276e-01  -1.3341811e-01   2.1357452e-02   5.9735197e-01   1.9657437e+00   5.6005436e-01   1.4476736e-01   2.9243484e-01   9.1445875e-01  -3.4904739e-01
  -1.2925273e+00   2.8170288e-01  -4.4351318e-01   5.2756262e-01   9.0321767e-01   2.7540058e-01   4.1587308e-01  -6.2401760e-02   1.2967651e+00  -2.4557570e-01   7.8223878e-01  -1.1635482e-01  -2.6597539e-01   6.7976868e-01  -8.5451674e-01  -1.6265657e-02  -4.0283090e-01  -5.1042378e-01   1.2473494e+00  -7.7460989e-02  -7.4791187e-01  -3.1852245e-01   1.3648837e+00  -7.5328743e-01
   5.8244605e-02   5.7322357e-02  -7.8662224e-03  -2.6267504e-02   4.5413971e-01  -8.3709586e-01   2.4204800e-02  -7.0560999e-02   1.9301254e+00   1.0238217e+00   1.0325353e-01   1.3657859e-01   9.6976399e-02  -5.3459209e-01   5.8875340e-01   5.4060513e-01   4.8774499e-02  -7.6340929e-02   7.4127108e-01  -3.7882173e-01  -9.3208082e-02  -2.5810963e-02   2.0866764e+00  -5.2751881e-01
   4.8346537e-01   1.5460031e+00  -1.1075833e-01  -4.5663720e-01   5.3015858e-01  -3.0087954e-01  -1.3646673e-01   1.1151613e-01   1.3063561e+00  -7.5088835e-01   1.8644588e-01   3.4174338e-01  -7.1213663e-02  -5.1496512e-01   2.7869153e-01  -1.0409067e+00   6.4056581e-01  -1.0790598e-01   2.0117152e+00   5.1571075e-02   1.0204563e-01  -1.7747612e-01   5.0321627e-01  -3.6409593e-01
  -8.8933986e-01  -1.8660301e+00  -1.9128066e-01   2.7342501e-01   1.1814665e+00  -2.4077044e-01  -2.2806926e-01   7.6431513e-02  -2.6152766e-01   3.7926883e-01   3.7190101e-01   3.1926325e-01   9.3705386e-02  -1.7929907e-01   5.4737639e-01   1.7072415e+00   1.1837309e-01   3.1427529e-02   6.4334029e-01   1.0886300e+00   5.6340401e-03   7.0495479e-02   8.2221860e-01   3.1814036e-01
  -4.2747605e-01   1.3130766e-01   2.1886408e-02   7.6091439e-02   2.0102890e+00  -2.2740136e-01  -2.8612711e-02  -4.2296079e-01   1.8635517e-01   1.0373207e+00   4.9132079e-01   4.7026549e-02  -4.7332648e-02  -5.6043583e-01  -1.0001182e-01  -5.7148641e-01   1.0534678e-01  -1.6687533e-01   9.2980886e-01  -2.7040914e-01   9.3148194e-02  -4.8201361e-01   1.8555211e+00  -9.2368090e-01
   5.5621547e-01  -7.7902728e-01  -2.5702336e-01   2.0658813e-01   1.4339609e+00   4.8440341e-02  -4.7844470e-01  -2.8292188e-01   1.5480479e+00  -3.6717534e-01  -4.2493367e-01  -2.6848748e-02   4.4202438e-01  -1.4457019e-01   1.7044463e+00   5.0265682e-01   3.2004821e-01  -2.1472350e-01   8.2729113e-01  -2.4752022e-01   3.4119883e-01   1.1242904e-01   9.8413312e-01   7.2733778e-01
  -2.0576086e-02   3.0233586e-01   9.0511376e-01  -4.0655263e-02   6.4463454e-01   1.4697188e-01  -1.3232279e-01  -1.1248899e+00   4.6103457e-01   1.8570684e-01   1.7698393e+00   2.1778065e-01  -1.9879694e+00   1.0131851e+00  -3.1866261e-01  -7.1280885e-01   1.6976565e-01   2.4036486e-01   7.8083150e-02   2.7684861e-01  -1.2730619e-01  -3.7763256e-01   1.5182774e-01  -3.2170039e-02
  -1.6804509e-02  -1.6388105e-01  -3.4507118e-02  -3.4261659e-02   7.2421217e-01   3.6892179e-01   1.4453806e-01  -2.1420728e-01   1.9536337e+00   7.2726655e-01   9.4609314e-01  -4.8347270e-01  -4.7931367e-01  -2.9341751e-01   7.6759213e-01   4.1414499e-01   1.4220215e-01  -5.7415479e-01   1.5421164e+00  -1.3392606e-01  -3.9427143e-01  -3.8145921e-01   1.1166415e+00  -6.3115692e-01
  -8.9142752e-01   9.0639286e-02   2.6020363e-01  -1.0089264e+00   8.6477762e-01   2.4412599e-01  -4.1088495e-01   7.8042138e-01  -4.0012445e-02  -8.1150115e-01   1.3564736e+00   1.6235113e-01  -1.4384470e+00  -2.3960698e-01  -6.1715984e-01   7.9364288e-01   2.6971942e-01   1.1523702e+00   1.0474445e+00  -7.3341042e-02  -1.8475199e-02   4.4942269e-01   3.8908440e-01   7.3745884e-02
   2.7038205e-01  -1.0688184e+00  -1.1953451e-01   3.1728987e-02   1.9574944e+00   3.8593560e-01   6.8119429e-02  -2.6402402e-01   6.6961831e-01   3.8154137e-01   3.4578937e-01  -4.4710208e-02   2.7278590e-01   3.5388023e-01   9.8170149e-01   1.6799532e-01   3.3805680e-02   1.9826408e-02   9.8797971e-01   1.9429941e-01   3.9840050e-02  -8.4036872e-02   1.2158380e+00  -1.5181262e+00
  -4.0374619e-01   1.5969666e+00  -1.1053059e-01   4.4868093e-02   1.4184687e+00  -1.9105714e-02   1.4416403e-01  -6.5529376e-02   9.4346261e-01  -4.5436916e-01   2.1231170e-01   8.9369304e-02   3.3100939e-01   1.0607025e-01  -2.6136041e-01  -1.4854009e+00  -1.3014150e-01   3.4401182e-02   1.4449099e+00  -2.9160938e-01   1.9661573e-01   9.9493144e-03  -1.1733671e+00  -2.8863850e-01
   8.4044028e-04  -1.2385845e+00  -4.5675028e-02  -2.3955119e-01   1.8349955e+00   4.6308857e-01   3.5981181e-01  -1.3881784e-02   5.4856181e-01   1.2200834e-01   2.8132150e-02  -3.1084284e-01  -2.1398574e-01  -2.7161184e-01   2.5848776e-01  -4.3325269e-01  -4.6872500e-01  -4.6956146e-01   2.2954447e+00   1.0196229e-03  -3.6709096e-02   8.5681342e-02  -2.9640440e-02  -4.3472674e-01
  -5.9374187e-02  -8.6523163e-01   1.7876359e-02   4.8589480e-01   1.3956317e+00   3.7515846e-01  -7.1882713e-01  -2.2561172e-01  -1.1881349e+00   6.9280809e-01   5.2482939e-01  -4.6045113e-01  -6.3920051e-02   5.2146053e-01  -8.1257415e-01   4.5271805e-01  -2.2557630e-01  -7.4266553e-02  -3.2949385e-01  -1.4431840e-01  -4.4227887e-02  -9.6607798e-01   9.7059228e-02  -1.9246995e+00
   1.4671350e+00  -7.1708900e-01   4.7868419e-02   1.1723512e-01   1.5505935e+00   8.8787481e-02  -8.6295158e-03  -4.1739918e-02   6.1339498e-01   5.7594460e-01   3.9278790e-01   1.7800303e-02   4.5840029e-02   2.9936481e-01   1.3438976e+00  -3.7178490e-02   2.0437200e-01   2.7607381e-01   1.8688514e+00  -7.4939549e-02   3.7467651e-02  -4.4722158e-02  -2.1460891e-01  -6.8980181e-01
   9.3947247e-02   1.2430337e-01   1.0140261e-01   2.8257769e-02   1.7178873e+00  -6.2127061e-02   6.8142247e-01  -5.2144849e-01   8.1073469e-01   1.1278462e+00   1.1213588e+00   1.6535921e-01  -6.2674767e-01   4.3123412e-01   2.4401489e-01  -1.2249869e+00  -1.4003026e-01  -3.5204306e-01   9.2128575e-01   6.0395688e-01  -4.8738232e-01   3.6268157e-01   1.8854822e-01  -1.0764136e+00
  -9.1148311e-01  -1.9055887e-01  -1.4423390e-01  -2.6657291e-02   4.1249630e-01   6.5755939e-01   4.2500924e-02   1.9413000e-01   1.0901181e+00   1.7230031e+00   4.6387410e-01   2.8563300e-01  -1.3795668e-01   2.5026822e-01  -4.7280470e-01   9.7266269e-01  -3.4279817e-01  -1.4613116e-01   1.5243127e+00   3.6704406e-01   1.7177296e-01   3.5101902e-01  -7.6139420e-01  -1.1977643e+00
  -1.1642598e+00   4.2547607e-01  -5.6436960e-02   2.8828517e-01   1.9779892e+00   1.3421719e-01   1.6615160e-01  -4.5131120e-01  -5.7178568e-03   1.1329817e-01   3.4947744e-01   4.3948731e-01  -3.5226002e-01  -3.6078814e-01   8.3468771e-01  -2.6686922e-01  -1.7653726e-01  -4.0615728e-01   1.8336153e+00  -5.6468004e-01  -2.6029855e-01   4.4782471e-02   5.1334299e-02  -9.5685357e-01
   4.4312105e-01  -3.9743462e-01  -1.0285362e-01  -3.0866313e-01   1.6039129e+00   2.1994811e-01   6.0512441e-01  -4.0654629e-01  -4.8675910e-01   9.8236060e-01   7.5795281e-01   4.8476252e-01  -9.2387980e-01  -3.0835733e-01   7.1336979e-01  -1.1702420e+00  -6.6076475e-01  -3.3382413e-01   1.3647264e+00  -2.9006004e-01  -5.6963497e-01  -4.0466972e-02   6.0631633e-01  -6.0050869e-01
   1.9282696e-01  -7.4539596e-01  -1.6615883e-01  -3.2004476e-01   4.3678510e-01  -2.3305425e-01   3.0809918e-02  -1.3393678e-01  -3.4781793e-01   2.0581141e+00   4.7498533e-01   8.0627602e-01  -2.2552431e-01  -2.4104021e-01   2.2820686e-01  -5.7501692e-01  -1.0427798e-01  -2.4367896e-01   5.2366662e-01   6.8224883e-01  -7.2963846e-01   3.0612066e-01   1.2013149e+00  -1.5523567e+00
   4.3698865e-01  -1.4735118e+00  -7.0011124e-02  -3.2605231e-01   9.3583977e-01  -4.1154441e-01   3.9112862e-02  -1.1638058e-01  -1.1344875e+00   9.4832480e-01   2.8211057e-01   1.7039663e-01  -1.3742776e-01  -3.6858371e-01   5.0138593e-01   4.7067562e-01  -3.1152815e-01  -3.6548141e-02   1.2948046e+00   4.1367710e-01  -5.6705181e-02   3.8718832e-01   2.5309178e-01  -1.8386047e+00
  -1.0084654e+00   1.2895174e+00  -1.0966898e+00   8.7131751e-01   8.4285849e-01   1.3202298e-01   6.2401074e-01   3.5910624e-01  -5.5172078e-02   1.4160393e-01   5.8152455e-01  -3.6527876e-02   1.2960507e-01  -1.2455835e+00  -4.6588805e-01   1.2610208e+00  -9.5589626e-01  -2.4204512e-01   1.0615497e+00   4.3947139e-01   6.1708923e-02   1.5747564e-01   9.1435514e-02  -2.1123077e-01
   7.0833164e-01   6.9423628e-01   2.3548505e-01   2.0645671e-02   9.6659338e-01   1.0552225e-01   1.0068766e-01  -4.0478822e-02  -4.1432524e-01   1.8462299e+00   1.9366550e-01   2.0137301e-01  -5.3926140e-01   1.6368605e-01   5.9711616e-02  -5.8190513e-01  -3.6211565e-01  -1.7548654e-02   1.9257306e+00  -2.6125181e-01  -1.7625896e-03   2.0395847e-01  -2.6984051e-01  -1.2894193e+00
  -5.3862765e-02   1.2486881e+00   1.3832676e-01   4.8682471e-03   2.0205569e+00   1.7740077e-01   1.1008870e-01  -1.2934202e-01   3.3229506e-01   2.2564190e-02   1.3754082e-01   2.0794582e-02  -1.9682026e-01   1.5838084e-01  -3.2934111e-01  -8.0932045e-01  -2.9026169e-01  -1.6788760e-01   2.1218681e+00   3.1240773e-01  -1.0926060e-01   1.5693533e-01  -9.0474784e-02  -7.4904627e-01
   4.6101876e-02  -1.2816045e-01   6.9893110e-01   1.8042278e-01   2.7843627e-01   1.4995745e-01  -4.8885578e-01   4.8720324e-01   9.7418502e-02   1.0746769e-01   1.7721111e+00   1.2837590e+00  -2.1536169e+00   7.3018730e-01  -1.7064358e-01   3.0371964e-01  -7.5368851e-01  -1.0066420e-01   2.7323386e-01   1.2322719e-01  -3.2591274e-01   6.8975151e-02   4.4368103e-02  -3.1713814e-02
  -1.4376779e-01  -4.5888853e-01   3.6834121e-02   4.8285410e-02   1.1234349e+00  -7.1393396e-03  -1.6927835e-01   1.4014564e-01  -1.1948653e+00   1.3014348e+00   8.3636129e-01  -6.7308140e-01  -8.6206883e-01  -6.0407895e-01  -1.1197871e+00  -4.5222923e-01   3.8679618e-01   1.5914354e-02   1.6180310e+00  -5.1807308e-01   2.3522796e-02  -3.5590437e-01  -5.7302691e-02  -6.6883069e-01
   1.6100361e+00  -2.3869243e-01  -4.1638017e-01   5.9891498e-01   7.0038503e-01   5.1060402e-01  -2.8134647e-01   1.1387533e-01  -5.9064247e-02  -1.1222161e+00   8.0583441e-01   2.9382931e-02   9.0735692e-01   4.6921812e-02   1.4571496e+00  -1.7388843e-01   3.2210633e-01   4.0903845e-01   1.1120976e+00   4.9306491e-01  -1.4584893e-01   4.6782643e-01   1.6904989e-01   1.0313095e+00
   7.7872133e-01   3.0934080e-01   6.5311529e-02  -9.8203076e-03   2.0773623e+00   3.4375829e-01   1.2311276e-01  -3.6156067e-01   2.3742133e-01  -7.3256779e-01   4.1009629e-01  -7.1187061e-01   2.6566362e-01   3.5864329e-01   3.1608739e-01  -1.1212846e+00  -1.2172212e-01  -2.3391514e-01   1.8716601e+00  -1.8412961e-01  -3.4456872e-03   5.0274145e-02  -3.6525920e-01  -3.8366008e-01
   1.3693784e-01  -1.0791184e+00  -2.1117817e-01   2.4784292e-01   8.3810544e-01   3.7680197e-01   1.0215036e-01  -5.3139336e-02  -8.3907634e-01  -1.5630915e+00   1.4478092e-01   1.9569559e-01   8.4750348e-01   1.8159823e-01   9.8427862e-01   7.1076697e-01   2.1028472e-01  -1.6466677e-01   2.0450745e+00   2.7750784e-01   3.7345350e-02  -3.2810520e-02   2.7648300e-01   1.0809216e-01
  -7.8333002e-01   8.2262790e-01  -3.3866668e-01   1.2747419e-01   1.6112865e+00   8.1825173e-01   2.4852869e-01   5.9410983e-01   7.5122379e-02  -1.1419923e+00   5.0411952e-01  -4.5429078e-01   1.1670475e-01  -8.3963990e-02  -5.9904182e-01   1.2990669e+00  -1.1006894e-01  -7.7335998e-02   4.6251139e-01   1.2816262e-01  -2.1928130e-01  -2.1739002e-01   5.0279337e-01   1.5697886e+00
  -1.3299799e-01  -2.0466276e-01   1.6277805e-01  -9.3121082e-03   1.0344599e+00   1.0319951e+00  -7.5495702e-01   5.1505053e-01  -9.5099223e-01  -8.8115078e-01   8.0859190e-01  -3.4820962e-01  -6.1294240e-01   4.0833658e-01  -1.7158490e-01   1.4850304e-01   5.3340101e-01   9.2916435e-01   1.8433390e+00  -2.6818204e-01  -3.3023265e-01   5.7020879e-01   5.2036470e-01   7.5565481e-01
   9.5977217e-01   1.3225578e+00   8.8084869e-02   3.1672101e-02   5.9793627e-01   4.5522600e-01  -2.5060447e-02   2.4711438e-02  -6.1869574e-01  -1.4301370e+00   2.3955207e-01  -6.1463904e-02  -2.5156626e-01   9.5489241e-02  -3.6415610e-01  -6.7427862e-01   8.9550905e-02  -4.2689124e-01   1.8708342e+00  -1.3999407e-01   1.7758496e-01  -2.0651391e-01   1.3451408e+00   1.1203587e-01
   6.8524557e-01  -2.6517913e-01  -8.8918157e-02   3.0872959e-01   1.6781619e+00   1.9888856e-01  -3.5290933e-01   8.6752236e-02  -8.6214328e-01  -9.3250239e-01   9.3637604e-01  -4.5083216e-01  -6.6372299e-01   5.9750044e-01  -7.9337366e-02   1.7822361e+00   2.5447381e-01  -1.8054999e-01   9.5356065e-01  -2.0339848e-01  -2.2163363e-01   2.1787700e-01   4.8526175e-02   7.4094218e-01
  -8.1293011e-01  -3.1672776e-01   2.0454310e-01  -4.7374092e-02   1.9867585e+00   2.4328569e-01  -4.3353042e-01   3.9597091e-01  -8.7485753e-02   3.4113625e-01   4.1963868e-02  -4.4687173e-01  -3.2747129e-01   7.4554402e-01  -9.8556131e-01   4.5820811e-01   3.0449453e-01   1.8360502e-01   1.0691692e+00   1.3589808e-01  -2.6180696e-01   5.0035876e-01  -2.0820954e-01   1.7388195e+00
   4.8371115e-01  -9.6710211e-01   7.2369263e-02  -1.4816210e-01   1.7740889e+00  -6.8310446e-01   2.8370833e-01   2.5846798e-02  -5.8463026e-02  -6.8604821e-01   4.7380123e-01   3.0622131e-01  -2.7925634e-01  -6.8046093e-01   7.9728216e-01   8.5352741e-02  -3.2988411e-01  -2.3521796e-01   1.8891425e+00   7.6288629e-01   1.4227939e-01  -1.3125706e-01  -5.8667785e-01   6.5985173e-01
   7.7119946e-01   6.4609158e-01  -5.9589881e-01  -4.1758582e-02   4.9941525e-02  -6.7561649e-02   2.7417454e-01  -6.0575396e-02  -9.6723205e-01  -1.4029200e+00   1.2115148e+00   2.7163246e-01  -5.6761795e-01  -8.7411875e-01  -7.4012721e-01  -9.0169507e-01   5.0510615e-01   5.3003556e-01   1.3638833e+00   1.9856480e-01  -5.9507591e-01   3.1713796e-01  -4.4567022e-01   7.5079840e-01
  -7.7074462e-01  -2.1039519e-01   5.7691224e-03  -3.2301673e-01   1.7781347e+00  -4.8439762e-01   3.9314124e-01   7.6106614e-01   6.9668978e-01  -7.8682643e-01   6.8304420e-01   3.4169960e-01  -1.4898983e-01  -4.8023346e-01   1.3939211e-01   1.1555556e+00   1.2691806e-01  -3.6196869e-02  -3.6776055e-02  -4.8162896e-02  -6.7777598e-01  -3.6220038e-01  -1.6044798e-01   1.7872833e+00
   2.6797614e-01   1.5713121e-01  -3.4154620e-02  -2.7554294e-03   2.0538516e+00  -4.1481471e-01   3.5850656e-01   7.2139812e-01   5.0013816e-01  -2.7250546e-01   9.2262226e-01  -5.1154517e-02  -2.9415950e-01  -8.4511286e-01  -5.5290055e-01   7.6110762e-01  -4.4136535e-02   5.5084264e-01   1.7902390e+00  -2.8880110e-01  -2.7493864e-01  -8.3737664e-02  -7.4564777e-02   5.6314337e-01
   1.0754434e+00   5.9915495e-01   6.2708700e-01  -1.2330842e-01   1.7131048e+00   7.1679749e-02   7.9324371e-01  -4.7500458e-01  -1.7941236e-01  -1.9151014e-01   9.3747985e-01   6.7935444e-02  -1.0576588e+00   2.1224788e-01   1.1044950e+00  -1.2337135e+00  -3.5508341e-01  -3.9243862e-01   9.0967643e-01   4.7445887e-01  -7.5144075e-02  -1.6208822e-01   1.7675737e-02   2.4148579e-01
   3.4420735e-01   7.1189880e-01  -1.3334745e-01   1.1511337e-01   1.3501393e+00   3.2008111e-01   1.5060100e-01   3.5155168e-01  -2.7384606e-01  -1.6783066e+00   8.3913112e-01  -7.5981461e-02  -3.3122647e-01  -4.5241651e-01  -1.5646806e-01   2.0221914e-01  -2.9476321e-01   1.6725469e-01   1.7385765e+00   6.9271885e-02  -2.0852168e-01  -2.9147381e-01  -2.2339931e-01   1.4035863e+00
  -2.4372163e-01  -1.1677916e+00   1.4002916e+00  -1.1066059e+00  -1.7254958e-02   2.0810536e-01  -2.0982736e-01   1.0435483e-01  -1.9341174e-01  -4.4619375e-01   8.8211989e-01  -2.8085846e-01  -1.2050099e+00  -9.7286695e-01  -2.2212459e-01   9.5550328e-01   4.7284711e-02   1.2386920e+00   7.3260486e-01  -5.0466710e-01  -1.9843857e-01  -5.6768709e-01  -2.2879592e-01   3.1080648e-01
  -5.2839607e-01   7.4565768e-02   3.8905084e-02  -8.9340907e-01  -2.0696537e-01  -4.2896232e-01   5.2991325e-01  -4.5783743e-01   5.3456497e-01  -1.0061717e+00   1.6989410e+00   4.9510798e-01  -1.1975945e+00  -1.1978140e+00  -8.2723165e-01   3.7620455e-01   2.3038994e-01   4.2336169e-01   5.1205295e-01  -1.4749427e-01  -1.0349535e+00  -1.3348624e-01  -9.4589330e-02   6.7794448e-01
   8.6681914e-01  -7.6565903e-01  -3.4740973e-01   2.3917280e-01   1.6365943e+00  -7.4589923e-02  -3.9726418e-01   1.9493446e-01  -2.7489519e-01  -7.0098543e-01   2.9819229e-01   4.0588090e-01   9.1352057e-01   1.0960955e-01   4.9760795e-01   2.7686715e-01   7.1701467e-01   2.8845053e-02   2.1127818e+00  -3.9001620e-01  -1.5164758e-01  -1.6420907e-01  -5.5465144e-01  -3.5321441e-01
   1.2152581e+00   1.0164167e+00  -8.6388960e-02  -5.3390704e-02   1.6381986e+00   8.9933343e-02  -1.6276683e-01  -1.4590387e-01  -7.6577681e-01   1.7936631e-01   4.0351295e-01   3.0519608e-01   3.7940547e-01   1.5718816e-01  -4.0844229e-01  -1.6379204e+00  -4.6683569e-02   1.2348790e-02   2.6664180e-01   8.6972898e-01  -8.7738007e-02   3.1450298e-02  -1.1087530e+00   8.8287657e-01
  -9.9608218e-03  -1.1020124e+00  -4.3257043e-01   3.2934722e-01   5.7167625e-01   1.0401220e+00   4.5829108e-01  -2.2828701e-01  -1.0852131e+00   8.0824989e-01   8.3619452e-01  -2.2777656e-01   1.1056598e+00  -4.6413097e-01   1.6612493e+00   1.0349897e+00   2.3962386e-01  -1.6921620e-01   8.5273838e-01   2.1070497e-01  -5.3234968e-02   1.3805002e-01  -2.7957755e-01   1.0241543e-01
  -6.9811243e-01  -9.4444335e-02  -3.3750218e-01   2.8894109e-01   1.7938056e+00  -6.9979692e-01   1.8573800e-01  -9.9477863e-01  -5.0190157e-01   2.3387203e-01   4.0522715e-01   3.0194768e-01   3.3994684e-01   4.9311998e-01  -7.6936340e-01  -7.0589030e-01  -6.0988265e-01  -4.7672993e-01   1.4446599e+00   5.9258226e-02   6.8801187e-02   7.2592705e-01  -8.3172172e-01  -8.0661261e-01
   1.0149138e+00  -1.1276187e+00  -7.7418208e-01   1.0091116e+00   1.0030155e+00  -2.7492091e-01  -8.3917373e-01   1.5723468e-01  -8.8067316e-03   4.7432050e-01   4.4147894e-01  -2.8824455e-01   5.9648299e-01   8.1578952e-01   1.1975607e+00   1.2349652e-01  -2.4332064e-01  -1.0984240e-02  -1.9444792e-01   1.9956478e-01  -5.1290536e-01  -1.0237409e+00  -9.5586753e-01  -9.6679366e-01
   2.8889289e-01   4.2670920e-01   1.7762960e-01   1.0212246e-01   7.0513129e-01   2.5603665e-02   5.5123188e-02  -4.7863506e-02  -1.2469857e+00   1.4816264e+00   4.1663951e-01   4.5738322e-01   2.4991056e-01   1.0372163e+00  -4.7885475e-01  -5.8240169e-01  -1.4659309e-01  -4.4981650e-01   1.6545585e+00   7.4094135e-01   2.0871450e-01   2.8415540e-01  -1.3095146e+00   4.6273968e-03
  -3.4733343e-01  -1.2793328e+00   5.2909422e-01  -1.0649856e-01   1.6432679e+00  -1.5340725e-02   1.6733977e-01   7.3369628e-01  -9.0076327e-02   6.4909858e-01   2.2080512e-01   1.5586041e-01  -4.3170664e-01   2.7249593e-01  -4.8502100e-01   7.5465196e-01   1.8927926e-01   8.5606116e-01   1.9453310e+00  -3.4627178e-01  -1.8990783e-01  -2.1749175e-01  -5.3675056e-01   2.6887754e-01
  -5.5104440e-01  -1.5930347e+00   2.5915104e-01   1.1356239e+00   2.5652596e-01  -1.6257070e-02  -2.4873772e-01   1.2412044e-01  -7.1554065e-01  -6.1054569e-01   9.2363489e-01   1.1294292e-01   5.5362505e-01   7.6764190e-01  -1.0233674e+00   6.1942047e-01  -1.6307916e-01  -1.3067861e-01   8.1413932e-02  -2.6337156e-01  -1.0200152e+00   4.7736603e-01  -1.3972368e+00  -4.9075344e-01
   1.6770678e+00   2.3241563e-01  -6.2224168e-02   1.5867737e-01   1.4194013e+00   3.2612455e-01  -3.9724518e-02   9.4066456e-02  -9.3645865e-01  -2.0424353e-01   4.8260581e-01  -3.2963455e-01  -8.2883328e-02   9.8809823e-02  -1.3700712e-01  -1.5676618e-01  -1.4690065e-01  -2.3323038e-01   2.0499234e+00  -2.5428647e-01  -1.8971371e-02   2.7032452e-02  -1.1435320e+00  -3.3103917e-02
  -1.0007012e+00   1.6114881e+00   3.9677333e-02  -8.6734854e-02   1.1910245e+00   3.6023027e-01  -7.3655345e-02  -4.4333939e-02  -4.9916312e-01  -5.7752359e-01   4.0224808e-01  -1.1872517e-01   3.4281123e-01   1.5931109e-01  -1.2875624e+00  -1.7032076e-01  -3.1285211e-01  -1.6418932e-01   1.8575407e+00  -7.8265768e-01   9.4139278e-03  -5.3646665e-02   1.1391068e-01   2.1166268e-01
  -4.3841910e-01  -6.2824047e-01   4.3585649e-01   6.7304194e-02   1.1692107e+00  -6.8330222e-01  -3.3907276e-01   6.5513438e-01  -1.1059335e+00  -5.4340112e-01   1.0755751e+00   2.3032276e-01  -6.8696100e-01  -5.6288922e-01  -6.2888026e-01   5.7030028e-01   7.0976615e-01   6.0017031e-01   1.5669057e+00   4.9756721e-02  -1.8150888e-01  -6.1245090e-01  -7.8092355e-01  -5.1300472e-01
   2.3629000e-02   5.8343834e-01  -2.8790647e-02  -2.4937677e-01   1.0771232e+00  -5.4328215e-01  -2.7822626e-01   1.8034284e-01  -1.8228614e+00  -2.7138272e-01   9.3811828e-01  -7.9155438e-02  -4.5115846e-01   1.7311351e-01  -7.9406393e-01   8.4119630e-01   1.0627012e-01  -2.6509392e-01   8.3113146e-01  -2.7372271e-01  -7.0147008e-01   8.9034839e-03  -1.6820182e+00   8.7637357e-02
   5.5913079e-01  -3.1852752e-01   1.8143805e+00  -2.1327367e-01   2.9381031e-01   4.3069395e-01   6.2976182e-01   1.0527403e+00  -2.2123455e-01  -8.4331632e-03  -1.6851623e-01   5.9298390e-01  -1.2488520e+00   1.6845142e+00   7.7364242e-01  -1.3530536e-01  -5.2070785e-01  -3.5511026e-01   1.9697400e-02   2.3595399e-01  -6.5695232e-01  -1.9755781e-01   1.7630219e-01   2.7142963e-01
  -1.3954251e+00   1.4440060e+00  -8.7902375e-02  -3.1070781e-01   4.6385616e-01   5.7259518e-01  -1.9189590e-01   4.5805205e-02  -9.6432674e-01   3.8355485e-02   2.0550194e-01  -5.8413607e-01  -5.4662395e-01   2.7789345e-01  -2.8528374e-01  -9.9399221e-01  -4.5109568e-03  -1.2981287e-01   3.6666110e-01  -7.7098906e-02  -2.3838498e-01   2.0854075e-01  -1.8733108e+00  -8.6849320e-01
   7.2943568e-02  -6.3985980e-01  -8.3467737e-02   1.4650406e-01   1.3078367e+00   5.6730980e-01  -3.0454791e-01  -1.0322389e-01  -5.7321382e-01   1.6296028e+00   2.3965426e-01  -3.6908469e-01  -3.0390924e-01   3.3035349e-02   1.5916950e-01  -7.4741721e-01   4.2746800e-01   1.5717389e-02   1.4546639e+00   9.3989477e-02  -5.4029208e-01   2.1408202e-02  -1.7140478e+00  -1.6642834e-01
  -3.7077615e-01   6.2772222e-02  -9.0650711e-03   1.7101539e-02   2.1371515e+00   2.1856675e-01   2.0047233e-01  -1.4221014e-01  -6.9357699e-01   7.0366150e-01   4.4402450e-01  -1.0610089e-01  -4.5002043e-01  -8.1947297e-02  -2.3707217e-01   1.0956687e-01  -2.3513874e-01   2.7222285e-02   2.3626499e+00  -2.4445136e-01  -1.1487124e-02   4.2551156e-02   1.3754003e-01  -4.2437069e-02
