   1.4020436e+00   6.0045034e-02  -3.3581552e-01  -3.6531696e-01   1.0947840e+00   1.1442650e-01  -3.4212878e-01   1.6801882e-01   3.0239663e-01  -8.4943324e-01   1.8410387e+00  -3.0967274e-01   1.7268389e-02   7.5789630e-02   2.6374590e-01  -2.3153156e-01
   1.3486882e+00  -3.3424962e-01   5.0200742e-01   3.0113474e-01   3.8780820e-01   9.4197559e-01  -8.3794945e-01   1.7453420e-01  -5.6534380e-01  -7.4570101e-01   1.3172038e+00   3.7586606e-01  -2.1070303e-02   3.9430505e-01   3.3949310e-01  -9.6598577e-01
   1.0732105e+00  -4.0809169e-01  -8.2996078e-02   1.3452925e-01  -1.1487739e+00   8.2815111e-01  -3.7425169e-01  -6.7535818e-01   1.6619976e-01  -7.7104026e-01   1.2680856e+00   6.7731678e-02  -2.0053199e-01   1.1758271e-01  -1.2815093e+00  -3.5205972e-01
   4.8419273e-01  -6.5318771e-02  -5.7875533e-02  -1.3169974e-01  -9.4720733e-01   1.5776126e+00  -7.4091512e-01   3.9441067e-01   3.6656314e-01  -3.6114007e-01   5.9976810e-01   1.1017203e-01   1.5094963e-01   2.9605916e-01  -9.2899358e-01  -1.4282514e+00
   6.7734367e-01   1.1775543e-01  -2.6270244e-01  -1.5157264e-01   1.0987453e+00  -1.2911776e+00  -8.5438859e-01  -3.1941450e-01   3.5893634e-01   2.1997705e-01   5.1111376e-01   2.6750311e-04   6.6636664e-01   1.7801353e-01   1.1888008e+00   1.1838593e+00
   9.8322850e-01  -6.1094588e-01  -2.6198432e-01  -9.4006293e-02  -3.9364603e-01  -1.3255519e+00  -8.6266673e-01  -4.9524019e-03   4.1010089e-02   7.7250105e-01   7.5676209e-01   6.2029076e-01  -1.6693045e-01   3.4879306e-01  -6.4155096e-01   1.3450916e+00
   1.8178235e+00  -3.9074376e-02  -2.0882890e-02   2.9329666e-01  -4.8201677e-01  -3.8853106e-03  -2.8007862e-01   2.2499000e-01   3.0638364e-01   5.9577823e-01   1.8889157e+00  -6.6189855e-02   1.1135533e-01   2.0305701e-02  -4.5951301e-01   3.0683082e-02
   8.1351113e-01  -1.1140410e-01  -2.9009130e-02  -2.2026725e-02  -1.2867339e+00  -1.1944693e+00  -2.7289501e-01  -4.3893006e-01   4.7856557e-01  -2.1865487e-02   6.9042975e-01   1.3598987e-01  -3.8613930e-02   1.1114731e-01  -1.4273436e+00   1.0950094e+00
   5.4551071e-01  -3.4517080e-01   1.3260275e-01   1.4218569e-02   1.7024111e+00  -4.8127115e-01  -6.1755705e-01   4.1886443e-01  -5.8929765e-01  -1.5933326e-01   1.4012249e+00   3.4646964e-01   8.2927547e-02   2.7187228e-01   1.0881193e+00   3.9738488e-01
   1.2709596e+00  -3.4964409e-01  -5.8489740e-01   4.1005090e-01   7.9457599e-01   6.9303364e-01  -6.4902872e-01   2.5761735e-01   3.2285202e-01  -5.0282419e-01   6.7903334e-01  -6.5422237e-02   5.6115091e-01  -6.9195998e-01   1.2203637e+00  -1.0234716e+00
   1.2235558e+00  -8.9907184e-02   1.4458616e-01   1.5506752e-02  -1.0313461e+00   8.2372534e-01  -1.5761569e-01   7.8502744e-01   5.2195007e-01   6.8407381e-01   1.3864574e+00   1.6678803e-01   9.3562230e-02  -5.9048250e-02  -8.8910210e-01  -7.7276063e-01
   8.5705388e-01   1.3528834e-01   1.7956482e-01   2.1600673e-01  -2.4321741e-01   1.5938659e+00   2.3509063e-01   7.1872228e-01   3.3727062e-01   5.4697722e-01   9.4043875e-01  -4.1863665e-02   4.2050940e-01   2.4047638e-01  -2.0023198e-01  -1.5565981e+00
   1.8005958e+00   7.7436663e-02  -1.5563884e-01   1.8705554e-02   2.6448718e-01  -5.9366071e-01  -2.0618510e-01   4.5857584e-01  -5.7064450e-01   4.9427569e-02   1.7041657e+00   3.9874028e-02  -4.3249992e-04   3.7327260e-02   3.4065545e-01   8.3714145e-01
   5.6886333e-01   1.6322184e-02   1.1175901e-01   1.3510023e-01  -5.9853781e-02  -1.7673954e+00   4.5611560e-01   7.2500569e-01  -5.0560552e-01  -9.6949629e-02   4.5614699e-01   2.6295045e-02  -5.1883775e-01   1.2095473e-01  -5.7183468e-01   1.6431149e+00
   1.1486171e+00  -1.5286840e-01  -8.6846344e-02  -1.1090556e-01  -1.3409877e+00  -3.7607291e-01  -6.9956589e-01   5.7652617e-01   5.1641566e-01   6.5545940e-01   1.3248684e+00   6.0950242e-02  -1.1316956e-01   9.2255235e-02  -1.0502602e+00   5.4437596e-01
   1.2954879e+00  -3.9655954e-01  -1.6139875e-01   8.9243408e-03  -8.9335918e-01  -8.3263272e-01   2.9104334e-01   7.2086799e-01  -8.0638134e-01   1.0915526e-01   1.3276269e+00   4.1832635e-01  -1.7536558e-02  -1.0300596e-01  -8.2819021e-01   8.6372727e-01
   9.4252574e-01  -2.1121921e-01  -6.3859828e-02   2.3018585e-01   1.4942992e+00  -2.7461159e-01  -5.7064109e-02  -5.3052336e-01  -1.9047037e-01   8.3446974e-01   1.7073559e+00   5.5348319e-01   9.9564247e-02  -1.2711665e-01   5.8190387e-01   3.1337819e-01
   1.5623046e+00  -1.9873637e-01  -2.4375759e-02  -3.3941525e-01   7.6942629e-01   6.6516054e-01   6.4292395e-01  -3.8143092e-01   1.5178239e-01   6.4476961e-01   1.1017175e+00   1.1106501e-01   2.1265401e-01   3.5565820e-02   1.1972361e+00  -8.1600910e-01
   1.6724283e+00   2.8383046e-01  -7.2696827e-02  -3.1043580e-01  -4.8992467e-01   4.2251939e-01  -6.7885078e-02  -5.5913937e-01  -3.3781534e-01  -7.4226165e-01   1.7992529e+00  -9.4171718e-02  -5.8970686e-02  -1.8795136e-01  -3.1826091e-01  -4.8335308e-01
   8.9336485e-01   2.0259431e-01   3.5145707e-02  -3.2156147e-02  -2.6088376e-02   1.5845031e+00  -5.5202144e-01  -4.8183879e-01  -6.9240880e-01  -3.8047996e-01   8.6415690e-01  -1.8280675e-01  -6.1040305e-02   1.4698075e-01   4.2606369e-03  -1.6372634e+00
   1.5756714e+00  -1.1928495e-01   1.7260356e-01  -2.1555541e-01   5.8675379e-01  -8.0298877e-01  -2.9637271e-01  -6.5469837e-01   4.5912033e-01   5.3745157e-01   1.3470675e+00  -1.5571669e-01  -8.4797017e-02   8.4398314e-02   8.3187890e-01   9.3617088e-01
   1.5497875e+00   3.0286044e-03   2.2858255e-01   3.0870453e-01  -4.0639058e-01  -8.5045892e-01  -3.2349360e-01  -6.0598963e-01   5.9637421e-01   5.3529221e-01   1.6027037e+00  -3.0127728e-02  -1.7992720e-01  -1.8746090e-01  -3.5880405e-01   8.2599825e-01
   1.3531825e-01   1.6710165e-01  -1.6134078e-02  -2.5045934e-01  -1.4438517e+00  -3.4594855e-01   9.8021156e-01  -1.0689611e+00  -1.0466795e-01  -3.3212996e-01   3.5476267e-01  -1.3247472e-01  -9.5510417e-01  -8.4610158e-01  -1.2875236e+00   1.7998329e-01
   1.6657919e+00  -1.1330371e-01  -1.5732497e-01   1.3648908e-01  -9.5057297e-01   9.0300687e-02   5.0696105e-01  -7.4153796e-02  -5.3746760e-01   6.4158008e-02   1.6147840e+00   2.9813984e-01   1.5999462e-02  -8.5512802e-02  -9.9481028e-01  -8.9714319e-02
   6.6377681e-01  -3.8977426e-01  -2.0770526e-01   1.3577868e-01   1.6055353e+00  -3.6572766e-01   6.3028848e-01   5.8743548e-01   7.9205656e-01   4.8837095e-02   1.5750154e+00   2.0921612e-01  -5.4386694e-02   2.5155342e-01   8.1666648e-01   6.8479508e-02
   1.8842239e+00  -1.8590859e-01   3.9815125e-01   6.5956849e-01   3.5516214e-01   4.3612443e-02  -5.0129883e-02   2.4957784e-01  -2.3307158e-01   2.6218793e-01   1.4255958e+00  -2.5617951e-01   1.7685349e-01   3.6435470e-01   6.3723588e-01  -9.1521710e-01
   1.0998610e+00   2.6603043e-01   2.3880441e-02  -2.0095503e-01  -1.0442047e+00   9.8601681e-01   7.2163862e-01  -4.1168880e-01  -7.7584678e-01  -3.5293628e-02   1.2844472e+00   8.4360912e-03  -1.3163139e-01   1.9086666e-01  -7.4391955e-01  -1.0322328e+00
   1.6978273e+00   1.1272091e-01  -2.0163001e-01  -1.8698078e-01  -8.5653938e-02   7.2424227e-01   5.8545822e-01   1.9517122e-01   5.1193863e-01   5.3892672e-01   1.7081804e+00  -3.9911255e-02  -1.4137013e-01  -1.7435193e-02  -5.2284792e-02  -7.8824091e-01
   1.3722962e+00   2.6857543e-01  -5.6935020e-02   2.6602471e-01   9.6800178e-01  -8.0438626e-01   7.2395045e-01   1.0247784e-01   4.0198424e-01  -4.9657437e-01   1.0473973e+00  -1.7302766e-01   1.7979504e-01   1.4178240e-01   1.1927782e+00   9.1743302e-01
   1.0274544e+00  -3.6656570e-02   3.7146173e-02  -4.3670006e-02  -6.5266562e-01  -1.3000761e+00   8.0814421e-01  -5.5693740e-01   3.5241464e-01  -8.3701879e-01   1.1736563e+00   2.2616686e-01   4.4500962e-02  -6.8142549e-03  -8.3226514e-01   9.5506597e-01
   8.7627065e-01   1.3757390e-02   3.0439774e-02  -8.5118726e-02  -1.7100221e+00  -1.1378435e-01   6.1608291e-01   2.8400159e-01  -4.9782318e-01   4.3645881e-02   8.5781246e-01  -1.4632615e-01   1.1927890e-01   1.7571931e-01  -1.6152631e+00   4.0655166e-01
   1.7992744e+00  -5.3235758e-02   2.9214001e-01  -2.1507142e-01  -1.4770737e-01  -3.9731315e-01   4.3781197e-01  -2.3102397e-01  -2.0996198e-01  -7.1256840e-01   1.8400463e+00   3.5275988e-02  -1.2917326e-01  -1.0760697e-01  -9.7408004e-02   4.7628203e-01
