   6.4177126e-01  -1.7667671e-01   2.2482610e-01  -1.5327817e-01   1.9897076e+00  -9.3907081e-02   6.7406005e-01  -4.2082772e-01  -2.3240133e-01  -7.5444593e-03  -4.3987331e-01  -6.1478544e-02  -5.6893897e-01  -3.1936097e-01   1.8921621e+00   4.9382035e-02   3.2935470e-01   3.0602816e-02  -6.9402969e-01   1.8123274e-01
   9.8034066e-01   1.2185127e+00  -3.0910578e-01   8.5146278e-02   8.7222171e-01   6.0827118e-01  -1.3931042e-01   1.5626484e-01   9.4317144e-01   5.9666681e-01  -1.4410030e+00  -4.0094694e-01  -3.6805832e-01   6.6627130e-02   1.1275176e+00  -2.2045037e-01  -1.4509473e-02   1.9414996e-01   1.1121098e+00  -2.4381809e-01
   6.2941653e-01  -2.2967932e-01  -1.6011754e-01   1.9759979e-02   2.0089753e+00   1.5881951e-01  -3.8770038e-01   1.8987514e-03   5.4304898e-01   3.2274070e-01  -5.4055232e-01  -3.1132139e-02   9.1116630e-02  -2.3382646e-01   1.8002541e+00  -2.4963035e-01   1.3529073e-01  -9.7637445e-02   8.4416503e-01  -7.1738851e-01
   6.3691661e-02  -2.1764915e-01  -1.2660174e-01   3.2654233e-02   1.0000906e+00  -1.8873209e-01  -5.0990242e-01  -5.7674104e-01   1.4799961e+00  -5.8495414e-01  -1.1685718e+00  -7.1890257e-02   1.4204308e-01  -3.4270436e-01   4.5990822e-01   1.1580075e-01   1.0440174e+00  -3.9066130e-01   1.3048582e+00   1.0449723e+00
   1.5524552e+00   1.2986499e+00   1.2721126e-01   3.2181987e-01   8.7518996e-01  -2.7216238e-04   9.4377793e-02   8.5467689e-02  -9.6869066e-02   1.2372524e-01  -2.1520676e-01  -5.1810575e-01  -3.0451903e-01  -2.6148893e-02   1.8453834e+00  -3.4232140e-01   1.3041976e-01   4.8137169e-02  -8.7885571e-01  -5.0426066e-01
   1.2472212e-01   1.5303993e+00   1.5216963e-01   4.5331708e-01   1.3298361e+00   3.3725768e-01   4.4665280e-01   9.6819429e-03   4.2966491e-01  -5.9982147e-02  -7.5774664e-01   1.7192595e-01  -7.5239545e-01  -5.1639225e-02   1.9192837e+00  -3.2418713e-01   7.7884616e-03  -5.5493664e-02   3.4691420e-01   2.4273486e-01
   3.6593297e-01  -6.7083168e-01   1.2190195e-01   4.6427423e-01   1.1205963e+00  -1.7590949e-01  -5.0836802e-01   5.5708617e-01   3.8916727e-03   1.4567260e+00  -1.1829381e+00   5.5171901e-01   5.1808304e-01  -7.7081785e-02   7.7553236e-01   1.3702181e-01   5.7631111e-01  -6.3312370e-01   2.7054331e-01  -1.3430008e+00
   1.4754817e-01   4.5977086e-01  -7.5706400e-02  -1.3589631e-01   1.9262067e+00  -1.4117472e-01  -7.0227951e-01   2.2201616e-01  -4.1401511e-01   5.9032947e-01  -1.0128278e+00  -7.6795876e-01   5.6411684e-01  -1.3783288e-01   1.4576083e+00  -2.2497719e-02   1.1531623e-01  -4.0769625e-01  -3.4935045e-01  -7.5535327e-01
   1.6675842e+00   8.8857239e-01   1.8569608e-01  -2.3580018e-01   4.7755587e-01   7.6925248e-01  -5.7619163e-03  -6.4798750e-02   1.0100581e-01  -7.0722562e-01  -1.2149693e+00   3.7964287e-01  -6.9495730e-02   2.6837248e-01   1.3805429e+00  -4.3133375e-01   1.4754875e-01   2.8252022e-02  -8.7063235e-01   6.5989065e-01
   1.5844956e-01   2.9733264e-01   1.8939210e-01  -1.0084015e-01   1.6539376e+00   1.6914043e-01   1.1121050e-01  -8.0221003e-01   3.3046731e-01  -1.1716559e+00  -8.5180181e-01   8.6246800e-01  -5.1955485e-01  -1.7026199e-02   1.0206028e+00  -2.0479815e-01   5.4626709e-01  -2.6785925e-01   3.6541593e-01   1.2694622e+00
   7.6369447e-01  -1.0651089e+00   8.1116569e-01  -4.7927048e-02   1.3415709e+00  -1.5192479e-01   5.9630865e-01   4.2278060e-01  -2.9680297e-01  -2.7724603e-01  -3.9156795e-01   6.9726390e-01  -7.6523346e-01   7.6898468e-01   1.7373091e+00   2.4026729e-01   1.9153787e-01   2.8435296e-01   2.9524678e-02  -2.9839656e-01
  -2.2727068e-01  -5.3146130e-01  -3.1734653e-02  -5.3558666e-02   2.0985813e+00  -1.0893046e-01   4.4156954e-02  -8.3715603e-02   4.4863898e-02  -2.7415115e-01  -1.7504829e+00  -3.6650717e-01  -3.0932236e-02  -4.8835490e-02   1.3054186e+00  -6.2212970e-02   3.6433381e-01  -1.9166189e-01   9.8022260e-03   2.8383994e-01
   7.7490830e-01   8.9030385e-01  -1.6552693e-01   9.5458984e-01   7.7242410e-01  -7.0471004e-02   3.2316911e-01   3.1741908e-01  -1.1801237e+00  -3.5335559e-01  -1.2646971e+00   1.0162178e-01   3.3405516e-01   4.8013201e-01   5.2374333e-01  -8.8324286e-02   5.6787747e-01  -9.0725684e-01  -1.3023516e+00  -5.1783431e-01
  -5.5281949e-01   1.2580611e+00   3.1434703e-01   7.1648180e-02   1.3842455e+00  -2.7558911e-01  -1.3474807e-01  -3.5521743e-01  -5.2375674e-01  -7.7422655e-01  -1.0234842e+00  -4.3533960e-01   4.2942998e-01  -7.8804329e-02   1.1297154e+00  -1.5008956e-01   1.7425071e-01   1.5765719e-01  -4.2275560e-01   1.4272944e+00
   2.7035194e-02  -1.4312600e+00   2.3461029e-01  -2.0345721e-01   1.4376628e+00   5.3343338e-01   4.2774867e-02   2.1295686e-01  -5.6386244e-01   3.4159207e-01  -6.4076436e-01   2.7574480e-01   2.5925675e-01   1.3805129e-01   1.5882646e+00  -3.4784082e-01   1.9239539e-01  -2.0352745e-01  -1.0897009e+00  -7.3399115e-01
  -1.4434586e+00   5.2375861e-02   9.2984742e-01   4.1825339e-01   7.0260042e-01   9.3938611e-02  -4.5140484e-01  -2.1771552e-01  -1.2404925e+00   8.6906129e-01  -1.8537136e+00  -8.0786431e-03   2.7067879e-01  -1.1753888e-01   4.5705816e-01   8.6330347e-02   1.6308388e-01   5.8686662e-02  -7.4802220e-02  -2.2585750e-01
   8.5413623e-01   7.6825696e-01   7.8680098e-02   2.1574754e-02   1.4894062e+00   5.5519551e-01   1.0865536e-01   2.6807018e-02   9.1982841e-01  -1.0470621e-01   7.1572900e-01   8.2030982e-01   1.0099842e-02  -5.4148006e-01   1.6592095e+00  -4.0134808e-01  -2.3472480e-02  -5.2523967e-02   8.9504188e-01   2.8370160e-01
   4.1432396e-02   2.0272088e+00   3.7399635e-01   2.5008276e-01   2.2760034e-01   2.5040135e-01   1.0368402e-01  -1.2879653e-03   5.5795783e-01   2.1386419e-01   6.6356339e-02   2.4650806e-01  -8.9483552e-02  -4.0506017e-01   1.2003058e+00   1.8255585e-01   2.2491236e-01  -4.4100392e-01   1.1821232e+00   1.3602160e+00
  -2.8314632e-01  -1.3794377e-02  -4.0529471e-02  -4.9417682e-02   2.0347486e+00  -2.4917565e-01   3.6887613e-01   3.1063104e-01   6.2099463e-01   4.2063242e-01   2.4387443e-01   1.2785023e+00   4.9547929e-02  -3.1113362e-02   1.3280518e+00   3.8528720e-01  -6.9666035e-02   3.8276204e-01   8.1240666e-01  -7.0508075e-01
  -5.1324919e-04   1.0281382e+00  -3.8140066e-02   3.0177275e-02   1.4539779e+00  -3.9963865e-01   9.4011232e-02   9.6795276e-02   1.1365268e+00  -2.6689145e-01  -4.0330285e-01   1.1893404e-01  -4.0077952e-01  -1.1519714e-01   8.9778882e-01   3.4263757e-01  -3.6075982e-01   4.6929494e-02   1.9676546e+00   8.6822547e-02
   8.1384569e-01   9.2192894e-01  -4.7945116e-02  -1.7698115e-01   1.6544731e+00   1.5674776e-01  -2.3044188e-01  -1.8423201e-01  -2.1360910e-01   7.1377468e-01   5.5984664e-01   5.3663963e-01   3.3764991e-01   1.5445484e-01   1.6935365e+00  -2.2870810e-01  -1.2891683e-01  -1.2753266e-01  -7.3252189e-01  -9.0606964e-01
  -7.8662336e-02   5.7333320e-01  -9.5066391e-02   3.1200333e-03   2.1240952e+00   1.4060608e-01   2.9387293e-02   2.1299285e-01  -8.1803396e-02  -1.1851709e-01   4.4946870e-01   4.8566428e-01  -7.2989099e-02   2.4411476e-01   2.0747452e+00   1.4039645e-02  -1.6375349e-01   1.4518419e-01  -1.1087622e-02   4.4938082e-01
   4.7540405e-01   6.0934350e-02   3.9518654e-02   4.4865635e-01   9.0110761e-01  -5.9304625e-01   6.0941786e-01   7.2364414e-01   7.9040098e-01   1.0631508e+00   2.9504099e-01   1.3200513e+00  -1.6731861e-01   5.0041157e-01   2.7617130e-01   4.2344993e-01   7.0688987e-01   1.0360771e+00   1.0412817e+00  -8.5595673e-01
  -6.0023850e-01   1.5646087e+00  -3.7414670e-02  -1.4321452e-01   1.0611491e+00   6.8124503e-02  -1.1389132e-01   8.7153010e-02  -1.9997537e-01   7.9412162e-01  -3.0108270e-01   1.5880787e-01   4.0521237e-01  -3.4011549e-01   1.4884368e+00  -1.4803085e-01  -1.0452055e-01  -3.1562030e-01   3.0457523e-01  -1.5847800e+00
   1.1218753e+00   6.5282506e-01  -1.0629493e-01  -2.5572023e-01   1.3902600e+00   4.6334860e-01  -2.2146045e-01  -2.1793099e-01  -4.5513839e-01  -8.7839013e-01   7.4890029e-01   8.2166529e-01  -3.1837460e-01  -2.4346501e-01   1.4030533e+00   1.4480904e-02   7.5581558e-02   1.5043217e-01  -9.9929607e-01   7.8957170e-01
   1.1070585e-01   1.3390347e+00   1.4610659e+00  -2.0864861e-01   1.9865409e-01  -3.7281219e-02  -7.3204830e-02  -1.8536085e-01   8.8560656e-02  -4.4361243e-01  -4.4279775e-01   3.2784435e-01  -2.8278831e-01  -6.0065669e-01   6.1444801e-01  -3.9848212e-02   1.4212314e+00   6.9898885e-01  -9.0803891e-01   1.1290768e+00
  -2.7301535e-01  -1.7406574e+00  -5.2114396e-04  -2.4428368e-01   1.0003949e+00  -1.4084749e-01   7.0006587e-02   6.4473477e-04  -1.2629484e-01  -8.7340802e-01  -2.9692096e-01   1.7773458e+00  -2.5771078e-01  -1.0593126e-03   1.1775193e+00   2.2642282e-01   1.1133816e-01   1.3168822e-01  -1.9654614e-01   4.6027702e-01
  -1.2575943e+00  -4.1548586e-01   6.2382560e-02   2.9225314e-01   1.3762139e+00  -4.8060274e-01  -2.4885353e-01  -2.2834283e-01   8.3917916e-01  -2.0984420e-01  -8.0471349e-01   7.3286802e-01  -2.6657495e-01  -4.6387511e-01   1.5656612e+00  -8.1971288e-02   1.6903862e-01  -2.4044009e-01   1.0692281e+00   1.0346732e-01
  -1.1169028e-01   1.0366817e+00   1.4412406e-01   2.5754261e-01   1.7265019e+00   2.8718022e-01   3.8879266e-01  -1.7019503e-01  -6.7840075e-01  -1.8326639e-01  -3.0067691e-01   6.1053887e-02  -3.2879904e-01  -1.4738119e-01   1.2663846e+00  -7.1179867e-02   4.1604355e-01   2.2977880e-01  -1.7402713e+00   3.6047585e-02
  -1.3288095e+00   1.5928149e+00  -2.0625465e-01  -1.6219647e-01   9.7495653e-02   1.1149282e-01   3.2080781e-02  -1.4857107e-02  -6.0764736e-01  -4.3993521e-02  -2.5690377e-01   5.8637911e-01   1.3707972e-01   5.0987852e-01   1.9332930e+00  -3.0774826e-01  -1.5914543e-01   2.3497476e-03  -3.2137781e-01   7.6449078e-01
   4.9091030e-02  -3.8492814e-01  -3.2240529e-02   4.7831435e-02   1.7743735e+00   5.0832051e-01  -2.9431808e-01  -3.4369266e-01  -1.1174688e+00   3.3095639e-02   1.3472310e-01   1.1862489e+00   1.9999881e-01   2.7516848e-01   1.3097516e+00  -6.8402685e-02  -2.2928569e-01   1.5655118e-01  -1.2695223e+00  -1.8647572e-01
  -1.0453359e+00   6.8903035e-01   1.2654953e-01   1.4350818e-02   1.7920059e+00  -2.7619768e-02  -2.2038703e-01  -1.4504571e-01  -2.5172186e-01   2.0850259e-01  -8.2776546e-01   1.2384065e+00   2.4298212e-01   4.3217395e-03   1.6094987e+00  -1.6049293e-01   1.6632521e-01   1.6401757e-01  -2.2843522e-01  -1.6400418e-01
   1.6027550e+00   5.1758736e-03  -4.0638945e-01   2.0845605e-01   1.3653084e+00   1.0109215e-01  -3.6973453e-01   8.8583171e-02   3.5690138e-01  -5.7329275e-02   6.7638397e-01  -5.5169487e-01   5.6984705e-01   2.6485169e-01   1.9624014e+00  -6.3789301e-02  -1.1622982e-01  -1.3347584e-01  -3.3461180e-02   1.6962408e-01
   6.0443711e-01   5.6691676e-01   2.2579104e-02   8.0980808e-02   1.9615335e+00   1.9102901e-01   1.1686240e-01   1.9343097e-02   4.8045701e-01  -2.2864459e-01  -3.8348126e-01  -1.3854598e+00  -4.2642459e-02   2.0096038e-01   1.6046014e+00  -3.0852714e-01  -2.2364242e-02  -3.2145733e-01   4.1005519e-01   2.7251512e-01
   6.8902838e-01  -1.4852160e+00   6.7004919e-01   1.1701266e+00   4.8219612e-01   1.7833473e-02  -2.7352768e-01   3.5034364e-01   4.4433972e-01  -4.8300803e-01  -5.2294999e-01  -5.1574016e-01   7.2351700e-01   9.6293378e-01   1.4606098e+00  -2.6926857e-01   4.5060971e-01  -4.5164108e-02   2.9914194e-01  -3.8657907e-01
  -6.0148048e-01   2.2244218e-01  -1.9116922e-01   9.9436425e-02   1.9804134e+00  -6.6522367e-02   5.4633731e-01  -1.1735079e-01   6.1102688e-01  -3.7454635e-01   9.7533409e-03  -5.8117020e-01  -1.9686976e-01   2.1082368e-01   1.4926829e+00  -3.3036256e-01  -2.4221110e-01  -8.2276963e-02   1.3875906e+00   2.0200868e-01
   9.1640055e-01  -1.5775330e-01   1.6497515e-01   1.2169848e-01   1.4336371e+00   7.9513602e-03   2.2662836e-01   2.6903790e-01  -9.4387168e-01   9.6155787e-01  -3.4337178e-01  -9.6366024e-01  -3.3846807e-01  -2.8255987e-01   9.8816651e-01  -1.8205743e-03   2.6464823e-01   4.2722621e-03  -1.3923572e+00  -9.3410408e-01
  -3.8018623e-01   1.4192572e+00   6.5361297e-01   9.8545647e-01   6.4143240e-01   1.9558121e-01   4.9865335e-01  -2.3200245e-01  -9.3695152e-01   1.0234782e+00   1.5278894e-01  -1.6384478e+00  -6.2571770e-01  -2.0006694e-01   6.7632514e-01  -2.6921803e-01  -2.0199031e-02  -1.8475941e-01  -1.5248992e-01  -1.9540621e-01
   8.5301816e-01  -1.1135486e+00   9.9555820e-01   7.9065549e-01   3.2336882e-01   4.1547415e-01  -3.4897962e-01   2.1974826e-01  -6.0117370e-01   1.4981784e-01  -4.3537748e-01  -4.7159672e-01   2.6097015e-01  -1.1024107e-01   9.2542678e-02  -3.2982358e-01   9.8768431e-01  -1.1469741e+00  -6.4155042e-01  -1.5075676e+00
  -7.2970349e-01  -3.8778418e-01   1.6660407e-01   2.5292605e-03   1.4529881e+00  -1.0002320e-01  -2.3344362e-01   1.3157964e-01   1.1237235e+00   8.1274474e-01  -3.3665422e-01  -1.0405972e+00  -2.7762705e-01   3.9866593e-01   1.1620870e+00  -5.3583927e-02   1.7764497e-01   7.1408749e-02   8.6413836e-01  -1.2665688e+00
   1.0576727e+00  -3.9200026e-01  -2.2586979e-02   2.8027609e-01   1.5451915e+00   3.8054243e-01  -2.9736581e-01   2.5561595e-01   4.8426962e-01  -7.1670401e-01  -4.0254742e-01   1.8329808e-02  -2.1457264e-02   5.6472510e-01   1.5979788e+00   5.8702685e-02  -3.2681859e-01   1.4445674e-01   3.3862159e-01   1.3903747e+00
   3.7288156e-01  -4.9323618e-01  -1.4392177e-02   1.5460123e-01   9.1755462e-01  -2.1241799e-01  -4.3326765e-01   1.9595152e-02  -1.3413999e+00  -1.1627181e+00   4.0865055e-01  -3.8215959e-01   2.2015671e-01  -3.4923870e-02   1.5359005e-01   2.5112429e-01  -7.1042907e-01  -1.5806368e-01  -2.0656066e+00  -3.4836933e-01
  -2.1067175e-01  -1.2306197e+00   1.6259424e-01   1.2078752e-02   1.7662790e+00   3.9675940e-02  -7.0184119e-02   2.3481621e-01   1.9829264e-01  -1.7571715e-01   6.9076603e-04  -1.8722036e-01   1.9374251e-01   4.3899441e-01   2.0667522e+00  -5.8104455e-01  -9.9110588e-02   9.8006941e-02   4.6168822e-01   2.3678632e-01
  -9.9970013e-01  -5.9552580e-01  -2.4074592e-01   7.8770585e-02   9.4687152e-01  -5.0015259e-01  -1.2665147e-01  -1.9937761e-01  -4.5650369e-01  -1.3550270e+00  -1.4342904e-01  -1.1394451e+00   4.2161599e-01  -3.2805032e-01   8.9710975e-01  -4.5195213e-03   4.1152549e-01  -2.4575938e-03   6.0630465e-01   1.5455440e+00
   3.7138570e-02  -1.3327596e+00  -3.9362460e-02   1.9010450e-01   1.4697548e+00  -3.0579308e-01  -2.9713860e-01  -4.0100385e-02  -7.6747322e-01  -2.0447120e-01   2.0682874e-01  -3.7646106e-01   1.1436757e-01  -4.6400887e-01   1.4182107e+00   3.7727736e-02   5.8734190e-02   3.2561669e-01  -1.2753775e+00   1.0240006e+00
  -4.1224352e-01   1.9293453e-01   7.9080658e-03  -4.1202579e-02   2.0234125e+00  -1.1348045e-02  -5.6072447e-02   1.4487143e-01  -7.5461936e-01  -7.6175019e-02   1.2978952e-01  -1.3481766e+00  -1.2268148e-01  -1.4467891e-01   1.4762846e+00  -4.4110566e-01  -4.8052676e-02  -2.9147881e-01  -7.9334313e-01   3.6918589e-01
  -1.6381230e+00   6.9738895e-01  -3.9416531e-01   1.0354503e+00   1.3219184e-01  -3.5383770e-01  -7.4597798e-02  -1.3071366e-01  -3.7777850e-01   2.8524187e-01   3.6189544e-01   2.2594774e-01  -3.9297262e-01  -5.6509846e-01   1.0541340e+00   3.0527791e-01  -6.2504214e-01   7.7395386e-01  -2.0851433e-01  -1.5231327e+00
  -1.5675565e+00  -8.9341238e-02   5.3901577e-01  -7.9468727e-02   1.3383638e+00  -1.9016434e-02  -4.6095607e-01   1.5816845e-02  -3.3266738e-01  -3.5811794e-01  -4.4596070e-01  -8.8331795e-01   6.9683415e-01   6.4816408e-02   1.8214116e+00   2.0317875e-01  -4.0137809e-02  -1.1357883e-01  -3.5873851e-01   1.5417528e-01
   1.8646896e+00  -5.3156853e-02  -5.2415943e-01  -2.9733839e-02   7.2418571e-01   1.6782914e-01  -1.5425546e-01  -9.4733387e-02   4.7224393e-01   7.7680260e-01   1.6575488e+00   1.0001657e+00   2.3829560e-01   1.3060081e-01   8.7791288e-01   6.8889461e-02  -2.4743694e-01  -7.7407204e-02   5.3827707e-02  -4.0673172e-01
   5.0570750e-01   1.1693360e+00  -1.8842321e-02  -1.0101555e-01   1.4224359e+00  -1.6458120e-02  -8.6203806e-02  -6.1220668e-02   2.5483507e-01  -9.7564453e-01   6.1146241e-01  -9.9257808e-03   2.5195789e-01  -4.1012678e-01   1.0289881e+00   1.9107103e-01   2.6978081e-01   1.7895803e-01   3.3140786e-02   1.8729266e+00
   5.4428858e-01  -1.3085890e+00   3.5226253e-01  -7.7965036e-02   1.3495339e+00  -3.5743445e-02   1.8730359e-01   2.5999710e-01   7.4603361e-01   3.2898059e-01   5.1698869e-01  -6.7494765e-02   2.0405826e-01   5.0844443e-01   1.2850654e+00  -3.9123389e-01   1.8073732e-01   4.1377470e-01   1.3182549e+00  -9.7625059e-01
  -1.0327617e+00   9.1394126e-01  -3.3786628e-01   1.5682918e-01   1.1761739e+00  -5.4798269e-01   2.7910942e-01   8.1254795e-02   5.4472172e-01  -9.6563566e-01   1.3633503e+00   6.6570258e-01  -3.5649788e-04  -3.7338924e-01   1.0135881e+00   1.8713458e-01  -1.9018142e-01  -9.8394126e-02   1.0290940e+00   5.9451449e-01
   2.0986657e-01  -7.4139154e-01  -2.1008592e-02  -8.6167961e-02   1.8972707e+00  -1.5815584e-01   2.0298478e-01  -2.1077396e-01  -2.3293751e-01   7.8712589e-01   1.0611186e+00  -1.0264353e-01  -2.9866707e-01   9.2235543e-02   1.5293128e+00   5.7901651e-01  -8.6788476e-02   5.0767627e-02   1.3532939e-02  -1.0467832e+00
  -6.6938919e-01   1.0518843e+00   2.1642897e-02   2.6540595e-01   1.6739066e+00   4.1031513e-01   3.5476780e-01  -1.3102928e-01   1.6960468e-02   5.3497756e-01   6.7962569e-01  -6.7869318e-01  -2.9718080e-01   2.1354574e-01   1.7858269e+00  -2.8033400e-01  -2.3381470e-01   7.7175153e-03   4.9811810e-01  -5.8962721e-01
  -7.3481899e-01   1.7186864e-01   2.2959796e-01  -8.3566666e-02   1.5368382e+00   3.9872205e-01  -3.8693845e-01   8.5416183e-02  -6.2212098e-01   1.0874405e+00  -5.6203719e-02  -9.9909864e-02   2.0262721e-01   5.6071330e-02   6.8103182e-01   5.8437209e-04   3.2678358e-02  -5.4297429e-01  -1.3193251e+00  -1.6017864e+00
  -1.9761056e+00   1.5023485e-01   3.8945141e-01   2.6405543e-01   5.0999272e-01   4.3451893e-01  -6.1415382e-02  -1.3278030e-01   3.1480950e-01   2.4008635e-01   2.0607856e-01   2.0466958e-01   4.9266413e-01  -4.0762475e-01   1.9238619e+00  -5.2856374e-01   8.9457795e-02  -2.2341068e-01   6.8271554e-01  -4.7551793e-01
   1.9772545e-01  -3.4272057e-01   6.1582841e-02  -1.1319248e-01   1.9091202e+00   2.4373735e-01   6.3983309e-01   9.6671216e-02  -3.1960285e-01  -8.3410215e-01   1.5863568e+00  -1.1306531e-01  -3.4862292e-01  -3.4897411e-01   1.2668053e+00   2.7814287e-01  -2.7093759e-01  -1.5715849e-01  -1.8942861e-01   5.6330121e-01
  -1.0304590e+00  -7.0137016e-02  -7.1573496e-02   8.0648392e-02   1.6883036e+00  -4.7662380e-01   3.4906242e-02  -1.4785191e-01  -4.5377705e-01  -6.3328403e-01   1.2616958e-01   3.5199466e-01  -4.2070180e-01  -1.2425833e-01   1.5888544e+00   1.5993097e-03   1.5907975e-01  -1.7605986e-01  -4.2586267e-01   1.4559036e+00
  -1.3045468e+00  -1.1512365e+00   3.9334714e-01  -4.3641213e-01   1.1225344e+00  -7.8494035e-02  -3.0631660e-02   3.7070340e-01  -2.2827454e-01   5.2102685e-01   8.7150437e-01   7.0669425e-01  -1.0331497e-01   5.9520096e-01   1.7209018e+00   3.9053181e-01  -1.1626136e-01   6.7339301e-02   2.9669749e-02  -3.7766227e-01
  -1.8553400e+00  -6.1929035e-01  -4.7955173e-01   6.1757988e-01   5.9799039e-01  -1.1239338e-01  -3.0550150e-02  -2.1563232e-01  -3.6256596e-02  -5.4557526e-01   3.2802457e-01  -7.2178537e-01  -5.5365268e-02  -6.1567837e-01   1.6235516e+00  -3.7232623e-01   2.4355735e-01  -2.5210047e-01   5.0200808e-01   8.2828832e-01
   4.6183052e-03   5.4424602e-01   1.0184439e-01  -6.0278296e-02   8.7388170e-01  -5.9487700e-01   1.5564688e-01  -1.8952368e-02  -1.8517413e+00   2.2020030e-01   1.4530730e-01   7.4158645e-01  -1.6580085e-01   1.2481416e-01   1.6527787e-01   2.1215129e-01   2.1665062e-01   1.3706869e-01  -2.0734265e+00  -1.3755658e-01
  -1.4327966e+00   1.0297897e+00   5.1445607e-02   2.5993359e-01   1.1707155e+00   1.4885120e-01   6.8892621e-02  -1.2024740e-01  -4.5883474e-01  -1.8545018e-01   5.8165580e-01  -4.3369863e-02  -4.1650790e-01  -2.5108257e-01   1.8675494e+00  -4.1930857e-01   8.1624240e-02   7.6098345e-02  -9.1531491e-01   2.6271006e-01
  -1.2036252e+00  -2.1715815e-01  -1.1870683e-01   2.1246593e-01   1.2059014e+00  -3.7035003e-01  -3.0114584e-02  -2.8507623e-01  -1.1873105e+00   5.3282070e-01   9.3704498e-01   6.1816359e-01  -3.8504109e-01   3.9714597e-02   8.9799780e-01   5.1350188e-01   2.0896339e-01   1.6021091e-01  -1.3151451e+00  -8.9371204e-01
  -8.9420682e-01  -1.8000866e-01  -8.3439052e-02  -2.6112384e-01   1.9265704e+00   2.4307510e-02   2.5687873e-01   3.9777732e-01  -6.0534760e-02   3.0025032e-01  -1.0612166e-02  -1.7844027e-02  -2.7584997e-01   5.1032001e-01   2.0573251e+00  -2.3265842e-01   1.5140706e-01   4.9684890e-02  -2.0266598e-01  -6.1026073e-01
