   6.6531581e-01  -1.0277120e+00   6.5346020e-01  -2.7626458e-01   1.5123605e+00  -1.0906748e-01   7.3228329e-01   4.9540585e-01   4.6985367e-01   3.8945568e-01  -4.9296641e-01  -9.8517501e-01  -6.1749917e-01   6.3981271e-01   1.4824200e+00  -3.5729647e-01   1.9006290e-01  -5.2971594e-02  -3.3400026e-01  -2.5422528e-01
   1.5717697e-01  -2.6805881e-01  -9.2988446e-02  -6.2983118e-02   5.8144927e-01  -1.7967101e-02   4.3501267e-03  -1.4598171e-01   1.8856043e+00   7.4519557e-01   1.8349239e-01  -6.7402035e-01  -2.4171045e-01  -1.1340366e-01   7.7605891e-01  -2.8642675e-01  -3.4463474e-01  -5.1396245e-01   1.4739000e+00  -1.2733402e+00
   1.0034187e-01   8.4355348e-01  -1.6430861e+00   1.1681689e+00   7.7651411e-02  -4.1325595e-02   1.7068404e-01   2.1581100e-01  -1.4485797e-02   2.7164647e-02  -5.6040251e-01  -1.7429224e-01   2.7346465e-01   1.2264779e+00   3.5739878e-01  -2.7139923e-01   5.3627497e-01  -1.5501747e+00  -5.6008250e-01   2.0744620e-02
  -4.9556133e-01   1.4183571e+00  -5.1181871e-01   6.9845331e-01   1.0835364e+00   4.7108423e-02   7.3021597e-01   2.5685576e-01   1.0999342e+00   3.7398838e-02  -1.5785563e+00  -6.1730844e-01  -5.8645535e-01   3.3563303e-03   8.2132989e-01   2.9800457e-01   9.3585581e-02   4.9585663e-02   1.1063348e-01   4.9754776e-02
   7.7053720e-01  -1.7887640e+00   5.4956746e-01   2.0727928e-01   5.5561000e-01  -5.8136535e-01   2.3697791e-01   2.7457684e-01  -2.5655872e-01  -2.2677086e-01  -5.2740812e-01   6.5248269e-01  -6.2719785e-02   5.9388399e-01   1.7135195e+00  -1.1233756e-01  -2.9285771e-01   1.6196288e-02   1.6066328e-01   9.1923094e-01
   3.5255954e-01   9.1125809e-02   1.8961102e-01   9.3905695e-02   1.6229501e+00   8.8881356e-01   7.5627363e-01   7.2360575e-01   1.5140124e-01  -6.5941721e-01   4.0253001e-01  -1.3178755e-01  -6.7470390e-01   3.5754073e-01   1.4603214e+00  -2.6910806e-01  -6.2005955e-01   1.3473509e-01   1.1806053e+00   2.8546378e-01
  -9.1527916e-02  -1.9494084e-01  -5.5402681e-02  -3.4906477e-02   1.3679576e+00  -5.4467702e-01   1.7893261e-01  -3.9923531e-01  -1.0621147e+00   9.0108603e-01  -9.5851131e-02   5.6784648e-01  -5.0229385e-02  -1.2066098e-01   2.5620872e-01   1.0102745e-01  -2.2985712e-01   8.8072675e-01  -1.1144742e+00  -1.7761664e+00
  -5.4703939e-01  -6.2039733e-01   2.1736178e-01  -2.3998152e-01   1.8814666e+00   2.2231790e-01  -5.8602680e-02   8.4346753e-01  -2.2154292e-01  -2.1394764e-01  -7.3957354e-01   5.3411847e-01   2.4663756e-02   7.1235996e-01   1.7435244e+00  -2.8891200e-01   3.4984979e-01  -3.4616780e-02  -1.3281520e-01  -4.5502982e-01
   1.1253022e+00   6.1003333e-01  -8.6795998e-01   7.5376260e-01   1.0180629e+00  -2.5861108e-01  -2.2206271e-01   8.8104767e-01   7.7416956e-01   9.0345919e-01   1.3167467e+00  -4.0346339e-01   2.1958888e-01   8.6749452e-01   9.5530671e-01   7.8072794e-02  -1.2580635e-01   1.6140541e-01   1.8886451e-01   4.4162929e-02
  -5.0496303e-02   2.1039583e-01  -7.9666978e-01  -2.3920453e-01   3.6879247e-01  -2.9336822e-01   1.2733490e+00   1.2167201e+00   1.6121599e-01   2.4234191e-02   3.9425090e-01   8.5826510e-01   1.0206992e-01   7.7340978e-01   2.3542315e-01   2.2009850e-02  -1.9418113e+00   5.7036948e-01   2.5148708e-01   4.4166276e-01
   5.9004658e-01   2.8786159e-01   7.4430920e-02   2.3492059e-01   1.8808191e+00   1.8688497e-01   5.7341868e-01   5.2670109e-01   3.8718781e-01   4.8811576e-01   3.0262393e-01   5.8485126e-01  -3.0144081e-01   3.1931329e-01   1.2220923e+00  -1.4637107e-01   3.8094664e-01   5.2005267e-01  -1.5011944e-01  -1.5368630e+00
  -1.8696535e+00   4.4399074e-01  -4.0351021e-01  -6.7127025e-01   3.0473951e-01  -7.9247057e-03   5.7331748e-02   1.6618831e-01   4.7554141e-01   2.4236670e-01   9.9986814e-02  -5.7381898e-02  -1.1532291e-01   7.9157490e-01   1.7977548e+00  -1.4340220e-01   2.3372155e-01   4.8470828e-01   7.0906651e-01  -7.6623654e-01
  -6.8888032e-01  -9.2666918e-01   1.4633851e+00  -3.8504240e-01   6.5752310e-01  -2.0705935e-01   2.1690637e-02   9.2607045e-01  -8.8493741e-01   1.2666432e+00   5.7787365e-01   1.0244896e+00   3.5745564e-01   8.1737095e-01   6.5852749e-01   1.5167555e-02   8.8192880e-02  -1.9253636e-02  -1.3214159e-01  -1.3154235e-01
  -1.3796593e+00  -5.3446716e-01   6.4708956e-02  -9.4177252e-01   1.1050887e+00   3.5177204e-01  -3.3578441e-02   7.4784702e-01   2.7136022e-01  -2.4769393e-01   1.6002129e-01  -6.8666261e-01  -7.5150870e-02   1.0283306e+00   1.5403773e+00  -1.1466500e-01  -5.1719689e-01   1.8116916e-02   1.8393098e-01   7.9474568e-01
   3.3445656e-02   6.9733616e-03  -2.6363138e-02  -1.1606198e-02   9.3318760e-01  -2.4927534e-01   7.6476669e-01   3.0670294e-01  -1.9731836e-01  -1.4785643e+00   7.4157971e-01  -1.0626473e+00  -6.0056543e-01   6.3430065e-01   9.9081802e-01  -1.5921991e-01   1.8043450e-01  -1.0223484e+00  -9.8232180e-01   8.1795365e-01
  -1.0954619e-01   6.0606623e-01  -3.7080541e-01   8.0850177e-02   1.7409793e+00   1.4391514e-02   4.5099688e-01   9.9984497e-01  -4.8225871e-01   2.2712938e-01   2.5532562e-01  -4.3324277e-02  -2.7941486e-01   1.0849295e+00   1.8081229e+00  -2.8632936e-01   1.4853893e-02  -2.2347529e-01  -4.8274121e-01   3.8449358e-02
