  -4.5045933e-01  -3.0617806e-01  -1.5431260e-01  -5.2396399e-03   2.1701667e+00   4.2374936e-01   6.0543710e-01  -1.3628013e-01   6.8210900e-01  -6.4929701e-02   4.7888462e-02  -1.1633289e-01  -3.9169478e-01   1.1365761e-01   1.3854246e+00  -7.6831943e-01  -2.8192085e-01  -2.9007339e-01   1.4339880e+00   8.1655061e-01  -1.0528921e-01   6.0128503e-02   5.0560308e-01  -2.9458314e-01
  -1.3325956e+00   2.8736749e-01  -1.3232921e+00  -1.4438473e+00   4.3360969e-01  -4.1801236e-03   3.2422766e-01   4.6354890e-01   1.0985688e+00   2.9214123e-01  -1.2028496e-01  -6.7376322e-01   1.4607655e+00   5.9862322e-01   2.6412174e-02  -1.1165842e+00   6.9465779e-02   2.9685426e-01   1.4272417e-01  -1.6160616e-01  -2.0971796e-01   1.7960651e-01   2.5007972e-01   1.3889527e-01
   7.3238325e-01   5.6378746e-01  -1.8986652e-02  -3.8436097e-01   1.8421347e+00  -3.1585622e-01  -5.9651238e-01  -4.9432728e-01   3.1639221e-01   7.7856010e-01   1.2912832e-01  -3.2768670e-01  -2.0765410e-01   5.1064048e-02  -1.6266462e-01  -5.4268187e-01  -1.5807371e-01  -2.5077868e-01   2.7006182e-01  -6.6577625e-01   4.8929131e-01  -7.5714099e-01   2.0613091e+00   2.0375757e-01
  -5.3228807e-01  -6.4106479e-02   1.5177475e-02  -7.1645945e-02   1.5486569e+00   1.2217554e-01   1.8986935e-02   1.8777117e-01   1.0372068e+00   1.3895007e+00  -2.5297281e-01   1.8971291e-01  -4.2477158e-01   3.5361156e-03  -3.7100649e-01   1.7814237e+00   2.5582608e-02   3.2084706e-01   1.5724478e+00   2.1674111e-01   9.3178570e-02   7.8604855e-03  -1.6523355e-01   3.2317769e-02
   1.7400486e+00  -7.9661596e-01  -1.3451933e+00  -1.8322864e-01   4.4385043e-01  -3.9109653e-01  -5.1349896e-01   1.6667092e-01  -3.5038197e-01  -6.6453618e-01   5.1695123e-02  -1.0641131e+00   5.9175569e-01   9.8359060e-01   1.1253294e-01   1.5806541e+00   1.3429932e-01   1.5678020e-01   2.7478551e-02   2.5570935e-01   6.3923053e-02   2.4283768e-01  -7.5946011e-02   3.8389048e-01
  -8.8904661e-01  -9.9580216e-01   1.0824033e+00  -2.4581715e-01   1.2257740e+00  -1.1281744e-02  -5.5172652e-01   9.7779423e-01  -1.3478908e-01  -3.0629262e-01   3.5285851e-01  -5.2399810e-02  -4.3714589e-01   1.6927949e-01  -2.4261093e-01   4.6033841e-01   1.0107398e+00   3.9544791e-01   1.0899503e+00  -5.9136295e-01  -3.8900805e-01   1.0267851e+00   6.8862832e-01   1.0476432e+00
   1.5406824e-02  -1.3520280e-01   7.8856476e-02  -1.9402321e-01  -4.7290614e-01  -1.2914560e+00  -8.0734903e-01  -7.0590752e-01  -3.1796053e-01   1.2915652e+00   2.1917267e-01   1.0788212e+00   5.4309803e-01  -4.9070117e-01  -4.6377000e-01   8.5681474e-01   8.1672388e-01  -9.7395885e-01  -4.8412871e-01   1.4876662e+00   1.3301095e-01   3.8945517e-01  -3.1608650e-01  -3.1220362e-01
  -2.1014059e-02   3.3251947e-01  -3.0038726e-01  -4.9208306e-02   5.0473548e-02   1.0054892e-01  -4.9775574e-02  -4.2950377e-02   1.6911386e+00   1.6814221e-01  -8.1664550e-01   1.2445049e+00  -1.3625851e-02   8.3741981e-01  -5.1821327e-01  -5.5913681e-01  -7.1968424e-01  -2.8404811e-01  -5.7024407e-01   7.0367223e-01   1.2741023e+00   2.5433698e-01   9.6394563e-01  -1.1647397e+00
   4.4013503e-01  -3.2375091e-01   1.7771954e-02  -1.8398497e-02   3.2964930e-01  -3.2626480e-01  -2.6403226e-02  -6.2217511e-02   1.2392932e+00   1.9448349e+00   1.3024308e-01  -1.8326567e-01   2.3720808e-01   5.0770506e-02  -9.3370837e-01  -4.2745292e-01  -9.6517935e-02  -2.9752043e-01   1.6641698e+00  -1.3255013e+00   7.8071021e-02  -7.3108211e-02   5.2928984e-01   2.8833613e-01
   4.2822358e-01   1.5164269e+00  -4.6054760e-01  -3.0197549e-01   1.4914532e+00  -2.0799983e-01  -4.0415487e-01   4.1078857e-01   2.3062254e-01  -5.0304979e-01   5.3939443e-02   1.6538016e-01  -1.5281837e-01  -1.8096089e-01  -4.4875726e-01  -7.3685654e-02   1.0866452e-01   9.1532469e-01   1.9602383e+00   1.0440370e+00   9.4564803e-02  -1.6870490e-01  -3.3290494e-02  -4.4032925e-01
   8.0355233e-01  -1.4218323e-01  -1.3423115e-01   2.8534342e-02   1.3233416e+00   2.2314952e-01  -3.0789328e-01  -6.5063849e-02   1.5700940e+00  -7.4955565e-01  -3.5907450e-01   2.0530583e-01   2.5232372e-01   3.8069211e-02   2.4309348e-01   4.9172813e-01   5.2217293e-01  -9.3672372e-02   1.8035139e+00   3.9833590e-01   3.9929175e-01  -6.3263699e-03   1.3708085e+00   3.4599084e-01
  -4.8174649e-01  -4.6041369e-01  -1.5423767e-01  -6.6173069e-02   2.5204563e-01   1.0019362e+00   1.0150159e-01   1.5926602e-01   1.8621397e+00   1.5883777e-01   3.1179047e-01  -1.2955515e-01  -2.4619415e-01  -7.8606528e-01   2.7684894e-01   1.1998150e-01  -2.8220254e-03  -9.9584550e-02   3.9551663e-01   2.1057802e-01  -5.5391198e-01   2.2119541e-02   1.9597204e+00  -1.2999401e+00
   2.3862082e-01  -1.4780711e+00  -8.9227104e-01   1.1213213e+00   8.2442933e-01  -1.4425956e-02  -8.3978343e-01  -3.4439939e-01   2.9099816e-01   3.6406687e-01  -1.2193912e-01  -2.6377377e-01   4.5320097e-01  -1.2072702e-03   4.8547792e-01   2.0902061e-01   1.2125909e+00  -3.2032123e-01   1.2608722e+00   3.7070829e-01  -7.8056544e-01  -6.8818021e-01  -3.4680617e-01  -9.5463163e-01
  -4.1735783e-01  -3.7975264e-01   2.4007098e-01  -2.9777774e-01   1.0414999e+00  -1.1069486e+00   7.0161229e-01   4.8085168e-01  -1.5657014e-01   1.4126205e+00  -8.1339514e-01   1.0984033e-01   9.3021542e-02  -3.5942832e-01  -5.5942714e-01  -2.6416022e-01  -2.8031349e-01   6.8418568e-01   1.2604057e+00   3.9963916e-01   5.0833809e-01   6.3921666e-01   1.1240647e+00  -1.0305071e+00
   3.7985286e-01  -9.1185644e-03  -8.2007617e-01  -5.8162725e-01   6.7327714e-01   2.4158542e-01  -9.3552476e-01  -1.7047184e+00   1.9206250e-01  -1.9483224e-01  -6.7326784e-02   2.8956616e-01  -3.4768051e-01  -2.1746905e+00   6.2215447e-01  -8.0704546e-01  -1.2869038e-01   1.7573307e-01  -6.5638587e-02   1.9631675e-02  -2.2415082e-01   5.6680459e-01  -2.1239367e-01   1.7699796e-01
  -4.4721508e-01   1.0067403e+00  -4.2518878e-01  -1.7314011e-01   1.6852046e+00  -7.5500524e-01   3.2310227e-01   8.1437027e-01  -4.3713889e-01   6.3205725e-01  -1.5177831e-01  -2.2006559e-01   5.0778091e-01  -5.1641345e-01  -1.4760348e+00  -1.0874823e+00  -1.5427831e-01   4.2109883e-01   1.0491165e+00   2.7609459e-01   1.4170444e-01  -2.0052056e-01  -6.1936224e-01  -1.6851966e-01
