  -8.9120090e-01  -4.1271698e-01  -1.0074453e+00  -4.8830798e-01  -7.3247927e-01  -1.2149546e-01  -9.2043161e-01  -1.0398307e-01  -6.4854205e-01  -6.1677098e-01  -8.2501328e-01  -6.0285467e-01   5.6606388e-01   1.7503999e-01  -7.4630278e-01  -7.1003783e-01   8.0120087e-01  -9.7432834e-01  -9.5555168e-01   1.0461593e+00   5.4134649e-01  -6.0095686e-01   2.0850757e-01   3.0508313e-01   1.2326974e+00  -7.9850727e-01   1.0162454e+00  -3.8619965e-01   7.9626060e-01   5.4353213e-01   4.4235352e-01   5.1160544e-01
  -9.5737982e-01  -4.9314678e-02  -3.1899080e-01  -1.0789160e+00   6.0293794e-01   6.7681128e-01  -4.8024496e-01   9.5128471e-01  -6.9000766e-02  -5.4412734e-02  -4.3183443e-01  -1.0406721e+00   8.1499243e-01  -1.0337636e+00  -1.1151692e+00  -1.0461903e+00   7.4578059e-01   4.2174041e-01   4.0388212e-01  -4.4426084e-01   1.0597204e+00  -5.9597838e-01   1.2990549e-01   5.4376143e-01  -2.8377166e-01  -4.8509657e-01   3.2979947e-01  -3.4674868e-01   1.2821281e+00  -5.8892512e-01   5.5013180e-01   8.8674843e-01
   2.5578585e-01  -7.4840134e-01   3.0093658e-01   9.7257632e-01   1.0188390e+00   3.6113560e-01  -1.3442317e+00   4.5229864e-01   1.4786431e-01  -2.5635079e-01   2.6863262e-01   6.3152885e-01  -1.6428396e-01  -1.3381976e-01  -8.9934152e-01   4.1336536e-01   7.7562493e-01  -1.0811143e+00  -2.1141438e-01  -1.2079011e+00   6.1805516e-01   1.0347886e+00   4.1091168e-01   3.4720969e-01  -3.3731285e-01  -9.0306532e-01   7.0291829e-01   1.9764593e-01   6.0988045e-01  -1.2446272e+00   4.1796005e-01   1.0001744e+00
  -2.8445996e-02  -2.8774922e-03   2.3217533e-02  -4.8938833e-02   2.9710320e-01   1.4958535e+00  -7.9015100e-01   1.5526301e+00  -6.0551757e-01  -7.2128505e-01  -1.1436744e-01  -1.0738709e+00   6.6758662e-02   3.9962832e-02   2.9695887e-02   1.4756684e-01   5.1049363e-02   4.8134472e-02   3.5898920e-02  -3.4242305e-03  -7.8405872e-02  -7.8151757e-01  -5.4796672e-01   4.2707962e-01   1.4494721e+00   1.4286910e+00   1.6817653e-01  -1.8022975e+00   2.7171206e-02   1.2518235e-01   1.0532266e-01  -3.8911320e-02
   1.1101940e+00   2.3845156e-01   1.3057170e+00  -5.3620789e-02  -5.5246103e-01   2.2730252e-03  -8.9069366e-01   2.0924033e-01  -9.7252578e-02  -3.6496192e-01  -9.9776381e-01   8.6658019e-01   5.5203366e-01   9.8451608e-01  -1.0612729e+00  -1.0429205e+00   3.2180864e-01   4.1050163e-01  -3.4237638e-01  -6.4220619e-03   7.0643783e-01  -1.0414561e+00   4.0820125e-01  -3.6950517e-01   8.7495905e-01   8.2293797e-01   5.3917837e-01   4.3818200e-01   1.1438369e+00   6.1791843e-01   7.0789999e-01   3.0061534e-01
   1.0879464e+00  -1.3178577e-01   7.8999650e-01  -4.6379894e-01  -1.0212144e-01  -8.0530614e-01  -3.2397881e-01  -6.0853922e-01  -5.4202551e-01  -8.4458315e-01  -7.1351993e-01  -4.8669085e-01   7.3194736e-01   2.0474628e-01  -7.1154797e-01  -1.5041900e-01   1.2743672e+00   8.2304037e-01  -1.4148216e+00  -5.6871033e-01   3.2438051e-02   4.5773368e-02   2.7414346e-01   3.7883699e-02  -1.0994157e+00  -4.5665538e-01  -1.3856212e+00  -1.5630230e-01   8.9382744e-01   1.8586783e-01   1.0270721e+00  -9.8051436e-02
  -2.4357764e-01   1.0425811e+00   1.3523640e-01   9.5688182e-01  -5.5055380e-01   1.0010154e+00  -1.6582166e-01   1.1248267e+00  -4.3166447e-02  -1.8202005e-01  -1.1494523e-01  -1.0136045e+00   1.2951697e+00   1.8156389e-02  -1.4037426e+00   4.1968083e-01   9.4574434e-01  -5.4644853e-02  -5.6486809e-01   2.8818789e-01   5.3868347e-01   7.3807925e-01   5.2584332e-01   2.2840312e-01   6.4666164e-01   6.0569596e-01   8.3446538e-01   2.5269124e-01   1.1470059e+00   5.2377068e-02   9.8857784e-01  -3.4328613e-01
   1.8484104e-01   8.7430954e-01   5.5405086e-01   3.8466492e-01  -9.8960465e-01   6.1957783e-01  -2.8678474e-01   8.0153823e-01  -1.0638254e+00  -1.4876050e-01  -6.9676435e-01   3.4735581e-01   4.3281847e-01  -4.0118772e-01   7.5226463e-02  -8.3497256e-02   1.1018580e+00   7.5967264e-01  -8.4940320e-01   6.5990424e-01   3.1233224e-01  -6.9562268e-01   2.9835570e-01   1.4870876e+00   1.1057600e-01  -4.3589708e-01  -7.2296792e-01  -5.5599010e-01  -1.0905628e+00   7.5623304e-01   2.1881628e-01   1.3654639e+00
   5.6030774e-01  -1.9825794e-01  -5.6946480e-01  -4.8565876e-01   3.7980892e-02  -1.1822140e+00  -1.4104604e+00   7.0254272e-01   2.0765777e-01   6.0551755e-02  -6.7293406e-01   2.1830718e-01  -1.5330997e+00   4.0022117e-01  -1.0941862e+00  -8.6982632e-01   7.0083320e-01  -6.2465793e-01   5.5403244e-01   2.5345004e-01   8.6436409e-01  -3.9286533e-01  -5.3719300e-01  -7.0792563e-02  -6.8754882e-01  -3.9670986e-01   2.1242692e-01   7.9166383e-01  -1.0826181e+00   3.2452774e-01   9.2429060e-01   5.5820650e-01
  -3.0522763e-03  -1.1288532e+00  -1.1795613e+00  -6.5637356e-01   6.3645743e-02   5.8131313e-01   5.7115918e-01   2.3203397e-01   6.2064439e-01  -8.1237459e-01  -1.4469054e-01  -9.3021536e-01  -6.1675614e-01   8.1885539e-02  -2.2431138e-01  -4.4199595e-01   1.0273707e+00  -1.1088386e+00   5.9560782e-01   1.4427999e+00   7.8501571e-03  -5.3715974e-01  -2.8218222e-01   2.8463951e-01  -1.1744120e-01  -1.3628223e+00  -1.2508618e+00  -8.1756823e-02  -7.1185994e-01   4.7440566e-03  -3.6287080e-02   7.0435119e-01
   8.2879251e-01  -1.0163026e+00  -9.2702204e-01  -5.5433661e-01   6.1737597e-01   1.4513500e-01   1.6186759e-02  -4.9660906e-01  -9.7970790e-01  -1.3201449e+00  -1.9013377e-01  -2.0297003e-01   3.6840421e-01   8.6812419e-01  -1.5394137e+00   9.5887822e-01  -6.2019050e-02  -2.0895670e-01   5.0702274e-01  -2.6525682e-01   6.5187049e-01   3.4003240e-01  -3.1629688e-01  -1.0061102e+00   6.8252444e-02   7.9190171e-01   8.2655036e-01  -3.6614126e-01  -7.0693666e-01  -7.5262856e-01  -3.6260250e-01   9.1181606e-01
  -8.1253731e-01  -3.9629725e-01  -7.6933515e-01   3.7659663e-01  -5.6490362e-01   6.8232179e-01   1.8153113e-01   6.9194645e-01   9.4444287e-01  -5.4107726e-01   2.9720631e-01  -9.3604982e-01   2.4745336e-01   7.3639548e-01  -5.5525744e-01  -3.1087786e-02   1.0191840e+00  -1.0136356e+00  -8.4241338e-02   1.3731527e+00  -1.3587740e-01   5.3536516e-01   2.3573709e-01  -9.7534144e-01   5.9194233e-02  -1.4429569e-01  -4.8798490e-02   4.5261472e-02  -5.5766636e-01   1.3795708e+00   9.2367136e-01   1.3128785e+00
  -4.9925860e-02   6.0855817e-02   4.9089935e-02  -1.3044185e-02  -1.9161208e-02  -3.9750800e-02  -1.5048893e-01   2.5768903e-01   3.4836879e-01  -7.4922454e-01  -2.5188947e+00  -1.0402684e+00   1.7844224e-01  -1.2289088e-01  -2.4205211e-01  -9.3993202e-02   1.3904380e+00  -4.2717069e-01   1.4234231e-01   3.1422025e-01   2.0499113e+00   9.4984794e-01  -1.2537816e-01   5.2446508e-01  -1.8788460e-01   5.9931200e-02   1.0431978e-02  -3.8767889e-02   2.1510253e-02  -5.2148636e-02  -3.2757977e-03   5.0555471e-02
  -1.8527478e-02   2.4225382e-02   2.1855488e-02  -2.1541591e-01   8.6314715e-02   4.5719069e-01  -1.8639885e+00   1.2382389e+00   2.6754031e-01   1.3473959e-01   1.2499024e-01   1.5518690e+00  -3.2165844e-02  -7.7705216e-03   3.0856383e-01  -2.3987314e-01  -3.2352245e-01   4.7632733e-01   1.9564544e-01   2.6437895e-02   2.2359538e+00  -9.2158633e-01  -4.1838321e-01  -2.8097233e-01   1.2180431e+00  -1.5593524e-01  -2.0272353e-01  -1.8282688e-01  -7.7770897e-03   5.8301821e-02  -9.5485086e-03   3.4339949e-02
  -2.0406289e+00  -1.8520472e+00   3.3397785e-01  -7.4489802e-02  -3.9408484e-01  -1.3599735e-01   2.5719121e-02  -1.1851104e-02   1.7878215e-01   1.1098430e-01   3.3854920e-02   2.0996025e-02   2.8130585e-02  -1.1094442e-02  -2.7823478e-03   5.5063270e-02  -2.2819942e-02  -1.9182397e-02  -4.3676566e-02   2.4691679e-01   3.1140596e-01   1.3622852e-01   1.5367694e+00  -1.7086823e+00   6.1342493e-02  -2.5533792e-01  -1.5196267e+00  -4.7331613e-01  -3.3416156e-02  -1.6237060e-02   6.5663545e-03  -3.6167749e-03
   6.2072867e-01   2.2543965e-02   9.2512560e-01  -1.2010362e-01  -7.0054567e-01   6.2961996e-01  -8.9762521e-01   9.1736889e-01   5.4387037e-02   1.5516208e-01  -9.9201608e-01  -6.8703228e-01   1.2436618e+00   6.9693166e-01  -1.4449518e+00  -3.5147724e-01   1.2792906e-01  -9.5673841e-01  -3.3952564e-02   5.0344563e-01   1.1584557e+00  -1.3207689e-01   4.1783264e-01  -1.3154981e-02   4.6581334e-01  -1.0431777e+00   3.8693783e-01  -7.6278389e-01  -7.8836870e-01   6.7056334e-01  -6.5089411e-01   4.7989389e-01
