   8.8695839e-02   1.0452180e-01  -2.2450963e-02   1.2755780e-01  -8.4812796e-01  -1.2992260e+00   5.1185578e-01  -1.4580797e+00   1.2331769e+00   2.1570165e-01   6.0803831e-01   1.1046001e+00   5.8828190e-02   5.6436859e-02  -1.8858733e-03   7.3327780e-02
  -4.3202437e-02   9.0232249e-03  -9.3903616e-03  -3.7921770e-03  -2.1689744e-01  -1.3327269e-01  -8.9651249e-02  -2.2597492e-01   1.2238852e+00  -1.3672276e+00   1.8134835e+00  -3.2835284e-01   2.2384612e-02   7.5202334e-01  -4.5755601e-01   5.7870531e-01
   1.7364343e+00   1.4861482e-01  -3.1718206e-01  -4.4765681e-02  -4.9523774e-01  -7.6203875e-02  -5.3164947e-01  -3.1613401e-01   8.1056976e-01  -1.4554344e-01   1.7993792e+00   4.2057671e-03   1.4477955e-01  -1.1169259e-01  -5.2563685e-01  -2.6884532e-02
   1.0247289e+00  -7.0104107e-02   8.3596475e-02   9.8479800e-02   1.3202743e-01   1.5455176e+00  -6.1701822e-01  -6.0473138e-01  -6.1852807e-01  -3.2496119e-01   9.1028881e-01  -1.2367582e-02   1.0338681e-01   2.0023640e-01   3.3558778e-02  -1.5514499e+00
   1.1294965e+00   2.0652921e-01  -9.1653503e-02   1.7893474e-01   1.2103205e+00  -4.5381859e-01  -9.2039150e-01  -2.5395405e-01  -7.2652698e-01   6.5085334e-01   1.3108544e+00   9.6227363e-02   6.1476331e-02   2.3563935e-01   9.2556804e-01   6.8095016e-01
   1.3103385e+00  -3.2404450e-01  -7.7214725e-02  -1.3033304e-01   1.5423083e-01  -1.2799250e+00  -6.1969179e-01   3.1378230e-01  -5.4219574e-01   4.3723318e-01   1.2296429e+00   2.0426789e-01  -1.0202037e-01  -1.4302371e-01   2.4435133e-01   1.3715392e+00
   9.7270238e-01   4.5347622e-01   2.3675120e-02   1.8711898e-01  -1.3610144e+00  -1.4025314e-01  -9.3119168e-01   3.1368613e-01   9.0772033e-01   2.9519287e-01   1.1072943e+00  -3.7046203e-01   1.2332785e-01  -2.2332236e-01  -1.2788906e+00   2.0893805e-03
   1.3420773e+00  -2.2459605e-01   5.5010162e-02  -1.0899304e-01  -8.3450717e-01  -8.4183365e-01  -7.9434723e-01  -1.9642402e-01   7.4350929e-01   4.2040128e-01   1.3768405e+00   1.5371759e-01  -2.1477725e-02   1.1530120e-01  -7.7787656e-01   8.8944584e-01
   1.5310284e+00  -6.8216763e-02  -9.9157237e-02   1.4114732e-01   1.0540364e+00  -2.0536996e-01  -3.5834241e-01   5.5698383e-01  -4.0261313e-01  -5.7514226e-01   1.3965114e+00   2.5976849e-01  -5.3785462e-02  -4.8480451e-02   1.1555457e+00   4.2260537e-01
  -3.5769846e-02  -6.2552422e-02  -4.5998044e-02  -4.4222161e-02  -7.9558146e-01  -1.5469214e-01  -8.0956298e-01   1.6811463e-01   1.1812109e+00   1.3777994e+00   1.6322552e+00   7.8138143e-01   6.6496044e-02  -1.9978966e-01  -3.2237098e-02  -1.9084133e-01
   1.1308868e+00   6.1699438e-01   1.8612728e-01   4.5763712e-02  -1.1080859e+00   9.0702170e-01   1.5357875e-03   6.0361290e-01   3.3357185e-01   3.4723559e-01   9.0847433e-01  -4.0173045e-01   2.0513687e-01  -1.2627791e-01  -1.1939095e+00  -1.0893937e+00
   4.1313267e-01   4.9617273e-01  -1.9816694e-01   2.5835139e-01  -9.9870908e-01   1.2865037e+00  -5.7045126e-01   9.3154413e-01   6.7550826e-01  -1.1014570e-01   4.8653340e-01  -5.4905170e-01   6.7020249e-01   1.1405045e-01  -8.9796990e-01  -1.1645913e+00
   8.0562389e-01  -3.4288928e-01  -5.9792208e-03   4.5818055e-01   9.2573929e-01  -1.1643677e+00  -1.7659676e-01   8.8949460e-01  -3.8031727e-01   3.6634442e-01   6.5269005e-01   9.4093770e-02  -5.0644797e-01   6.9664365e-01   1.0315651e+00   1.2118844e+00
   1.8437872e+00   5.5979777e-02  -1.4118406e-01   1.2371616e-01   1.6745260e-01  -5.3521615e-01  -3.8518232e-01   2.0284891e-01  -2.5859290e-01   4.4751507e-01   1.7784734e+00   2.9351491e-01   2.1646049e-02   1.2332950e-01   9.8778650e-02   7.1859044e-01
   1.3641746e+00  -5.7373967e-02  -3.6845446e-01   3.7469208e-02  -9.1555804e-01  -5.0260073e-01  -2.4141951e-01   8.4091663e-01   9.9552155e-02   9.7909290e-01   1.4699563e+00   9.6748888e-02  -1.9883575e-01   1.9186489e-01  -8.1234366e-01   5.1708663e-01
   6.3167721e-01  -7.9492994e-02  -9.4605744e-02   1.7286481e-01  -1.0693245e+00  -1.3388438e+00  -8.1089139e-01   4.8970789e-01   1.2045638e-01   7.4234575e-01   7.3900813e-01   1.1254081e-01   1.6608702e-01   2.5599754e-01  -1.0071050e+00   1.2209625e+00
   1.1250086e+00   3.9414012e-01   1.2919420e-01   1.0797217e-01   1.2623527e+00   7.2942996e-01   7.9194105e-01   9.6806772e-02   5.5273503e-01   3.3224055e-01   1.0783547e+00  -1.0743164e-01   1.0954924e-01   1.5970512e-01   1.4143986e+00  -4.0024313e-01
   4.9728236e-01   8.9241356e-02   1.0041831e-02  -5.0387114e-02   1.5814043e+00   9.9942386e-01   4.3843856e-01   4.0453893e-01   2.4765830e-01  -1.0208860e-01   4.0274659e-01   1.0488257e-01  -4.0802410e-01   8.2569957e-02   1.8515800e+00  -1.9981673e-01
   6.9179547e-01  -5.6884721e-02   1.4495468e-01   1.0277820e-01  -9.5612985e-01   1.4164736e+00   9.5431423e-01   4.0500954e-01  -1.1900643e-01   7.1321332e-01   7.5961745e-01  -1.2249745e-01  -8.6088121e-02   2.5952727e-01  -1.2101129e+00  -9.1502923e-01
   1.9162359e+00   1.5772908e-05  -3.6399055e-01  -1.8652407e-02  -3.9600175e-02   3.9304441e-01   8.1747107e-02  -7.4348159e-02   3.4980065e-01   1.7607762e-01   1.8690155e+00   2.2543961e-01   1.4839693e-02  -1.3565941e-01   2.0612439e-03  -5.5759025e-01
   9.0046120e-01  -2.1944073e-01   6.8380035e-02  -6.7308761e-02   3.9561990e-01  -1.4549819e+00   3.3766246e-01   9.5426089e-01  -6.7696911e-01  -6.2889844e-01   1.0719757e+00   1.2426113e-01  -8.4494434e-02   8.1169255e-02   6.0511243e-01   1.1980944e+00
   1.7002476e+00  -6.0710095e-02  -9.0380706e-02   2.2170746e-01  -4.3360546e-02  -9.1804141e-01   4.0292543e-01   3.1675795e-01  -3.2705882e-01  -3.8646170e-01   1.5007972e+00   3.2671028e-01   1.4303547e-02  -6.5318130e-02  -2.5420433e-01   1.1208215e+00
   1.3043339e+00   2.2928998e-01  -1.7148019e-01   3.8414255e-01  -1.0578831e+00  -2.7468115e-01   8.7420267e-01   3.5115287e-01  -8.2455951e-01   5.3939497e-01   1.4221964e+00  -1.2511243e-01  -1.6991143e-01  -2.2772153e-01  -9.2173254e-01   2.1818379e-01
   4.3372053e-01   1.3323943e-01  -3.7558082e-02  -1.8771492e-01  -7.0273411e-01  -1.6250559e+00   2.2894995e-01   8.4573698e-01  -1.5782326e-01  -2.2500825e-01   3.4955531e-01  -3.3562053e-02   1.5833104e-01   7.4758661e-01  -4.7530460e-01   1.6871377e+00
   1.5139601e+00  -6.6148825e-02   1.6113646e-01  -6.1970496e-01   6.1618775e-01   3.0243333e-02   7.0347048e-02   7.1869260e-01   1.3084617e-01  -1.1136012e+00   1.6705480e+00   3.0327845e-01  -1.3057849e-01   2.2060768e-01   4.3081635e-01  -1.4876462e-02
   1.1185606e+00  -1.8592365e-02   1.4999741e-02  -2.3959970e-02   9.9260128e-01   1.0084388e+00  -4.0725090e-02   9.5987207e-01   7.1730369e-01  -4.8130259e-01   1.1543601e+00   3.2028601e-01   5.6898906e-03   7.8064012e-03   1.0658169e+00  -7.1069813e-01
   1.6186985e+00  -1.4581069e-01   3.0172515e-01   9.0917625e-02  -6.8809193e-01   4.8999453e-01  -1.8447629e-01   6.0749757e-01   4.0323630e-01   6.5869558e-01   1.6204568e+00  -6.4520516e-02   2.1215463e-01  -5.9163231e-02  -8.4238398e-01  -3.9743912e-01
   1.5324906e+00  -2.5834745e-01   3.2502827e-01   1.5310548e-01   5.5283648e-01   8.1368363e-01  -7.8693134e-01   3.3836541e-01  -2.0572895e-01  -7.3385340e-01   1.4171150e+00   4.3917549e-01  -8.8178422e-03   1.8993749e-01   6.9022262e-01  -6.7798698e-01
  -1.7212984e-01   8.2499212e-01   4.4198111e-01   7.3935974e-01   1.6445739e+00   7.6200265e-01   1.7176812e+00  -5.5190104e-01  -2.1906422e-02  -3.4826316e-02  -2.9992847e-02  -7.3830457e-03  -4.1133337e-02   3.3211187e-02   9.3049984e-03   4.3998297e-02
   9.5097505e-02   1.5851746e-01   6.2953308e-02  -1.9391610e-01  -1.5173526e+00  -9.0069973e-01   5.7259834e-01   1.6823735e+00  -3.9861882e-01   8.3152586e-01   8.2420486e-01  -3.4347409e-01  -4.3171093e-02   3.5810673e-03   4.5581531e-02   2.8589576e-02
   1.0603447e+00   1.4844817e-01   2.6002654e-01  -2.7231885e-02  -1.4759260e+00  -3.1575587e-01  -2.3323070e-01   7.4454027e-01  -2.7631775e-01   6.0694200e-01   9.5185924e-01  -4.9316664e-03   3.5196725e-01  -8.3438218e-02  -1.5469255e+00   1.5449607e-01
   1.2648913e+00   1.8622719e-02  -2.2507490e-01   2.4961008e-01  -7.4578387e-01  -1.1897249e+00   4.0224072e-01   4.3605107e-01  -3.6469260e-01   2.7062741e-01   9.0987045e-01   2.2852542e-01  -3.3169630e-01  -3.3436698e-01  -1.1480429e+00   1.1562903e+00
  -1.1566145e-02  -8.9576347e-03   1.6584367e-02  -2.4436943e-03   1.1420208e-01  -1.0117612e-01   9.4935104e-02   1.2738024e-01   5.3174603e-01  -1.7467715e+00   1.6982858e+00   6.7547637e-01   5.3241050e-01  -5.9923464e-01   5.2698869e-01   5.9692574e-01
   1.3098301e+00   3.6706817e-01  -2.2090098e-01  -1.4531645e-01   8.6027205e-01   1.0203815e+00  -4.3583524e-01  -2.5098190e-01  -2.8844410e-01  -4.0158597e-01   1.0588548e+00  -1.9210836e-01  -2.2098650e-01  -2.7395964e-01   1.1364125e+00  -1.1079842e+00
   5.4713786e-01   1.0046266e-01  -1.5629639e-01   3.9865533e-01  -1.4145337e+00   4.8373351e-01  -6.1136746e-01  -9.2129052e-01   2.5421366e-01   1.9848225e-01   3.6406654e-01   3.0802866e-02   3.8889056e-01  -1.0956221e+00  -1.4002124e+00  -7.0711464e-01
   1.5030373e+00  -3.4133181e-02  -1.6968403e-02  -6.3041389e-02   4.3236884e-01   8.3814877e-01  -2.4851301e-01  -7.8069592e-01  -9.0685856e-01  -1.4673330e-01   1.5832382e+00   3.0038977e-01  -2.3771552e-02  -7.6083094e-02   5.2038741e-01  -6.7587936e-01
   2.2320992e-01  -1.9234511e-01  -1.8584350e-01   3.1109048e-02  -2.2009255e-01  -1.7082536e+00  -3.9519486e-01  -9.4244188e-01   3.1231382e-01   2.8072494e-01   2.6544729e-01   2.5965285e-01   5.8602607e-01  -6.5332770e-01  -5.0154197e-01   1.5908149e+00
   1.6038754e+00  -2.1990284e-01   6.2961973e-02  -7.5120509e-02   1.2021997e-01  -8.5157681e-01  -1.3974281e-01  -7.3068607e-01   6.9850457e-01   3.8233784e-01   1.5952517e+00   3.4979704e-01   5.8973510e-02  -4.4967696e-02   9.7573839e-02   8.7192643e-01
   1.6625811e+00   3.0301273e-01   2.4002069e-01  -2.8236213e-01  -9.6826857e-01  -2.2185326e-01  -2.8797621e-01   1.2020227e-01   2.0865521e-01  -2.0839511e-01   1.3142688e+00   2.3587580e-01  -4.2866141e-02   2.6161355e-01  -1.4006928e+00  -1.4283948e-01
   9.3994915e-01   2.8569523e-01   1.2021503e-02   1.3556986e-01  -1.2616522e+00  -1.0984026e+00  -3.6132899e-01  -5.4785126e-01   4.2460585e-01   4.4130325e-02   7.4372959e-01  -6.8705708e-02  -1.8380283e-01  -1.4351813e-01  -1.4779041e+00   8.9928967e-01
   8.7589401e-01  -7.1327738e-02  -5.6392297e-02   3.2890867e-02   1.6346911e+00  -1.6841422e-01   1.7682984e-01  -8.1649411e-01   1.4510535e-01   6.9834930e-01   8.5831165e-01   2.1562947e-01   1.2836349e-01   4.3808065e-02   1.5051774e+00   4.9905187e-01
   1.7925930e+00   2.9154447e-01   1.3778283e-01   3.7705460e-01   5.0231439e-01   1.2585826e-01  -3.8655055e-01   3.1555407e-02  -6.1808550e-01   1.7043222e-01   1.8091725e+00   8.9543678e-02   5.4536730e-02   1.3928694e-01   6.3331741e-01  -7.8832597e-02
   1.6165631e+00   4.6512622e-01   1.0634894e-01   2.4478388e-01  -6.5518200e-01   6.7707616e-01  -3.9376253e-01  -3.3015883e-01  -1.8879807e-01  -4.7505087e-01   1.5006572e+00   1.6171252e-03   1.6774641e-02   1.4521125e-01  -6.7329061e-01  -9.7950077e-01
   6.1202246e-01  -3.5802874e-01   4.2498194e-02  -7.0205891e-01   1.4245808e+00   1.2009358e+00   1.8035384e+00  -4.7004694e-01  -8.0548309e-02   1.3233602e-01   5.2796647e-02   1.6903444e-01   3.0102989e-02  -2.5683336e-02   4.5454688e-03  -1.5196798e-02
   1.7543987e+00   9.5954858e-02  -4.0613851e-01   3.9066032e-01   3.6048305e-01  -1.2687838e-01   2.8221118e-01  -3.6809954e-01   6.1379904e-01   5.9227771e-01   1.8404046e+00   3.5413317e-02  -1.2680788e-01  -1.5234777e-01   2.4915858e-01   1.2989169e-01
   1.0229082e+00  -1.4735146e-01  -8.5021900e-03   9.8840937e-02  -1.7050529e-01  -1.5461934e+00   1.2580578e-01  -6.7140472e-01   6.5595794e-01   1.8647662e-01   8.7002414e-01   3.3555815e-01  -1.6490406e-01   1.4111397e-01  -4.0197316e-01   1.5787408e+00
   1.1459783e+00  -1.0880775e-01   7.4807741e-02  -7.0458263e-02  -1.2385924e+00   2.5722823e-01   1.6104446e-01  -1.0018744e+00  -7.5085744e-02  -1.0295205e+00   1.2710361e+00   3.8754496e-01  -1.9479338e-03  -9.5198721e-02  -1.0325081e+00  -3.5770756e-01
   1.6655995e+00  -1.5850760e-01  -1.8960536e-01   3.5260543e-01  -6.7847925e-01  -6.3826519e-01   4.4992018e-01  -3.7907314e-01   3.3222410e-01  -4.1249606e-01   1.3926069e+00   2.0169564e-01  -1.4963067e-01   1.7326874e-01  -8.5965496e-01   8.8008696e-01
   1.4301490e+00  -5.8853026e-02  -2.8453296e-01   7.6641321e-01   8.2340646e-01   3.9022796e-02   7.2513282e-01   4.6207717e-01   1.0465778e+00   1.0619575e-01   1.4547057e+00   7.9687946e-02  -1.0857466e-02   4.0616333e-01   6.7322254e-01   1.2872861e-01
   1.7574472e+00   2.2618979e-01   1.6498064e-01  -3.4567848e-02   4.9718758e-01   6.6542661e-01   4.4580582e-01   9.7062424e-02   2.8684998e-01   2.9382446e-01   1.6097184e+00  -1.2375630e-01   3.6863778e-02   1.5951835e-02   7.5710851e-01  -7.6400244e-01
   1.2181735e+00   3.8716412e-01  -1.6455400e-01  -1.5198295e-01  -1.3654650e+00   3.5477856e-01   4.4133225e-01  -3.1381327e-01  -4.1644105e-01  -3.0881467e-01   9.8379934e-01  -2.9987442e-01  -7.5454041e-02   3.1829453e-01  -1.5664817e+00  -3.8068306e-01
   1.4904400e+00   6.2804356e-02  -4.5575753e-02  -1.0916969e-01  -2.7386725e-01   1.0117644e+00   7.9613835e-01   2.7070370e-01   2.0644802e-01   7.9138631e-01   1.4946529e+00  -9.9709854e-02  -6.3425198e-02  -5.5115860e-02  -3.0655012e-01  -9.7004426e-01
   1.5498645e+00  -4.6316404e-02   5.6204502e-02   2.1357721e-01   8.7209946e-01  -8.3953422e-01   2.9032126e-01   3.3760220e-02   2.2906969e-01   1.9598244e-01   1.0793954e+00   4.8319933e-01  -8.1369124e-02   1.8137510e-01   6.9912565e-01   1.4065728e+00
  -2.8135456e-02  -1.5643053e-02   2.7580848e-02   1.6736627e-02  -1.1282630e+00  -6.7058545e-01   1.1359409e+00   6.7517972e-01  -1.1850964e+00  -9.2897952e-01   1.1939703e+00   9.0527493e-01  -6.8281107e-03   9.3800530e-02   1.1152577e-02  -8.6704567e-02
   9.7470033e-01   2.2961283e-01   6.9566280e-02   8.2565442e-02  -1.3143642e+00  -8.2503533e-01   7.9846317e-01  -3.4887251e-01  -5.0393003e-01  -5.4505998e-01   9.9008083e-01   3.0799540e-02   1.5234149e-01  -1.2148103e-01  -1.3978370e+00   5.4215395e-01
   1.9315559e+00  -1.7584585e-01  -2.9402325e-01   1.5983149e-01  -3.2557347e-01  -1.2112055e-01   1.6499217e-01   2.9526052e-01   1.2895762e-02   3.2304010e-01   1.8147179e+00   5.0194621e-01  -1.0620567e-01   4.1236434e-02  -4.5556456e-01   1.4461191e-01
   1.5292536e+00   1.3026128e-03  -2.3578879e-01  -3.7299034e-01   9.4922650e-01  -1.3683943e-01   1.7019364e-01  -5.9698695e-01   5.4153842e-01   5.8332205e-01   1.4150099e+00   5.1801878e-01   3.2878053e-01   1.0826897e-03   9.4357008e-01   5.0892174e-01
   1.2419034e+00   2.7877698e-02  -9.5573090e-02   5.0685978e-03   4.4910178e-01   1.3958757e+00   3.8370681e-01  -2.1052811e-01   4.6359457e-02   4.8582342e-01   8.4070182e-01   9.5945574e-02   2.6169276e-01   8.9667086e-03   8.9825624e-01  -1.5087869e+00
   3.5528366e-02  -2.9761684e-03   4.1215025e-02   7.7303564e-03  -6.8031624e-02  -3.2074604e-02  -1.3147781e-02  -7.7278666e-02   4.5514247e-01  -1.3480108e+00   1.3665524e+00  -3.9304322e-01  -1.2735969e+00  -5.8884245e-01  -2.3753525e-01  -1.3833748e+00
   1.2168329e+00  -3.9649940e-01   1.6546132e-01  -3.5529003e-02   3.5183701e-01   1.0797548e+00   8.9237261e-01  -4.0397865e-01  -6.5000021e-01   7.8933376e-01   1.3138579e+00   5.9449351e-01  -1.4823048e-01   7.0182748e-02   4.1224980e-01  -8.7306225e-01
   6.0981148e-01  -3.4740222e-01  -1.7243972e-01   7.1236335e-02   2.7195120e-01  -1.7082257e+00   7.0893234e-01   2.8525591e-01   2.9919261e-01  -4.9800161e-01   6.5596414e-01   1.3715319e-01   3.6539298e-02   4.2022830e-01   8.5273242e-01   1.4849179e+00
   1.0473536e+00  -3.8405779e-01   2.6196173e-01  -2.0397125e-01  -4.7143999e-01  -1.1295457e+00   9.0107477e-01  -4.9815211e-01   3.1843060e-01  -1.0383083e+00   1.2518314e+00   5.3585327e-01  -1.1974103e-02  -2.7891800e-01  -3.4534872e-01   9.2530787e-01
   1.5741789e+00   5.8894938e-01  -2.7483025e-01  -2.4460439e-01  -7.3362482e-01  -1.5403599e-01   5.2310300e-01  -3.6378211e-01  -3.3265781e-01  -6.8626440e-01   1.6606706e+00  -2.5994408e-01  -1.6490255e-01   6.5986395e-02  -7.9569542e-01   1.1577995e-02
   2.7432266e-01   2.8882745e-01  -8.7146312e-02  -2.8809553e-01  -1.2119344e+00  -9.5608252e-01   9.6725523e-01  -9.3503600e-01   1.6093300e-01  -5.6320226e-01   5.6413072e-01   3.3481229e-02  -5.1112759e-01  -9.2417502e-01  -1.3319306e+00   7.8277357e-02
