   1.2488815e+00  -3.3859766e-01  -2.9548001e-01  -4.7967625e-01   1.3703440e+00   1.2983935e-01  -1.4509471e-01  -6.1740416e-01   1.0567429e+00   3.5748854e-01  -1.4202008e-01  -1.1663933e-01  -2.2713143e-01   2.7485427e-01  -3.5839894e-01  -6.3712096e-01  -1.8756148e-01  -9.8812282e-01   2.1058133e+00  -3.6041552e-01  -1.9350280e-01  -1.0148124e-01   2.0739615e-01  -3.2380879e-01
  -3.9366165e-01   4.2962137e-01  -5.5710025e-02  -1.2249897e-01   6.0763842e-01  -5.2039617e-01   7.5378135e-02   1.8925469e-01   1.2852010e+00   1.7160511e+00  -6.9098985e-01   1.3667092e-02   5.4683602e-01  -2.3975810e-01   1.0926791e+00  -1.7861644e+00   1.6377829e-01   1.1233248e-01   8.0863678e-01   3.5106140e-01   1.6379525e-01   3.2601096e-02   3.5278389e-01  -4.2049035e-01
   9.7930193e-01  -1.3156785e+00   1.3032310e-01   4.7149900e-01   1.3887897e+00   1.8781126e-02  -2.8261721e-01   3.2161778e-01   5.8226204e-01   6.8693680e-01  -3.0795494e-01   6.6625662e-02  -1.5800318e-01   1.8218629e-01   3.5893373e-02   6.9724226e-01   3.0791149e-01   8.8036746e-02   9.8774689e-01  -2.6332241e-01   1.9931917e-01   6.0787517e-01   1.5084634e+00   1.2923775e+00
  -6.1055249e-01  -9.0277594e-01  -1.9680414e-01  -5.2189026e-02   1.1958547e+00   3.6262086e-01   1.8303233e-01  -3.4217868e-02   9.2869443e-01   1.3215857e+00   1.7972657e-01   3.9532509e-02   3.5614240e-01   3.9483976e-01  -7.1194792e-01  -3.2981582e-02  -4.9368402e-01  -1.0512657e-01   1.4426153e+00  -1.0759346e+00   2.9408159e-02  -3.2127944e-01   1.0198466e+00   1.0503281e+00
   4.7122410e-01   2.1510704e-01  -1.3208468e+00   1.0228639e+00  -1.2023564e-01  -2.0724176e-01   6.7355937e-01   6.4180464e-02   4.8167118e-01   1.0117339e-01  -1.4890001e+00   1.0244048e-01  -2.4350522e-01   1.2991648e+00   3.6761037e-01   9.8613501e-02  -6.3432612e-02   1.4022874e+00   3.8965043e-01   1.9356094e-01   1.1292473e+00   6.6277528e-01   4.1911909e-01  -1.1781286e-01
  -3.4276581e-01   4.0863302e-02  -9.0969466e-02   2.9074874e-02   1.0194056e+00   7.8322835e-02   1.4953001e-01   1.1906237e-01   1.9241549e+00   4.6358380e-01   3.6579528e-01   2.1679805e-01  -1.0909267e-01   7.0447558e-01  -1.0196276e-02  -9.6639290e-02  -2.5631806e-01   2.4718684e-01   1.3108697e+00   4.1530412e-02  -2.5996992e-01   4.6439838e-01   2.0046313e+00  -1.5950374e-01
   1.0106736e+00  -1.6945539e+00   3.7659717e-01  -2.2605164e-01   7.0403051e-01  -2.4059044e-01   1.7906788e-01   6.2348153e-02   7.8402251e-01  -5.3265142e-01   1.7280020e-01   4.3900251e-02  -2.6373067e-01  -4.0481326e-01   2.4449906e-01   1.3214494e+00  -5.5897951e-01   2.1378219e-01   1.7794329e+00   1.1250238e-01   1.2574427e-01   2.1834441e-01  -2.1246897e-02  -8.6823803e-01
  -7.0914507e-01   6.8129504e-01  -3.9439853e-02   3.0269204e-02   2.1726773e+00  -2.6111346e-01   5.1369309e-02  -7.1020059e-02   1.2281308e-01   2.3572849e-01   3.5805617e-02   7.0006333e-02   9.1959555e-03  -1.6132151e-01  -9.9683806e-02   8.2703984e-01  -3.0266291e-01  -6.2444497e-02   1.8168331e+00   1.9516923e-01  -2.2564152e-01  -3.2633990e-02   1.3785989e+00   2.2410215e-01
   1.1142346e+00   2.2408284e-02  -4.0765208e-01   3.5934985e-01   2.8570807e-01   4.3604770e-01  -1.9983999e-01  -5.9034154e-02   1.7540060e+00  -1.8346989e-01  -4.9554899e-01   6.7251068e-01   3.5158631e-01  -2.5614288e-01  -8.3091678e-03  -4.9127486e-01   3.0220383e-01   2.0601097e-01   6.8974084e-01  -7.9798386e-02   9.7003895e-01  -3.3473742e-01   1.2066209e+00  -1.6685209e+00
   3.1782797e-01   4.5509717e-01  -1.4013977e-01   1.3450350e-01   2.1552272e+00  -4.0146822e-01   3.4810460e-01   6.1958462e-01   4.8776022e-01   2.3838148e-01   1.0822950e-01   1.8514866e-01   4.6263626e-01   3.6092453e-02  -2.9592436e-02  -1.5302145e+00  -1.4368978e-01   4.6038437e-01   1.4279732e+00  -1.4376350e-01  -3.4947437e-01   1.4452326e-01   7.7833629e-01   6.3497949e-01
   1.8540490e-01  -3.0259493e-01   9.0162730e-01  -8.1809360e-01   5.5405349e-01   4.0296946e-02   1.9887162e+00   9.2860863e-02   1.6859706e-01  -7.6143587e-01  -1.3029075e-01   2.9035386e-01  -1.1369383e+00  -1.8747075e+00   3.0833414e-02   6.6252160e-01  -2.2488910e-01   3.4215253e-02   6.7893460e-02   5.4100163e-02   1.9690979e-01  -2.4408326e-01  -2.4871008e-02   6.9676273e-02
  -4.4965225e-01  -3.1791258e-01  -3.4728036e-03  -5.1702749e-02   4.5873997e-01   3.5149643e-01   7.3510148e-02   5.6124773e-02   1.9386199e+00  -1.1011975e+00   5.3431988e-01  -9.2815213e-02   1.4956988e-01  -4.1224954e-01  -5.5929309e-01  -6.8423098e-01  -2.9300818e-01   5.4035436e-02   1.7055044e+00   5.3340459e-01  -2.3156142e-01   2.3906864e-01   1.0859687e+00  -7.3557729e-01
   6.8923604e-01  -2.4459388e-02   2.2740178e-01  -2.0102108e-01   1.1631352e+00  -9.8169857e-01   5.7955351e-02  -6.5412986e-01   1.5257528e+00   1.7516254e-01   4.8068720e-01  -3.7862995e-01  -5.4941821e-01  -7.5967684e-02   4.4581559e-01   3.5713241e-01  -4.4170031e-01   1.2124041e-01   1.3079286e+00  -7.4378544e-01  -7.6737449e-02  -5.7080483e-01   3.8947809e-01   1.5363371e+00
  -2.0437254e-01   5.9741551e-01  -2.8272170e-01  -7.5814193e-03   1.7816545e+00   5.4970938e-01   1.0404637e-01   9.1893876e-01   1.0300839e+00  -6.6590321e-01   4.2744914e-01   4.3744379e-01   9.1995969e-02   5.1921993e-01   8.0580205e-01  -1.3136228e+00  -2.5428516e-01   3.9834268e-02   2.8443998e-01   6.3292485e-01  -2.7952680e-01   4.4487858e-01   1.3521619e+00   7.6832406e-02
   1.3874044e-01  -7.0674908e-01   2.0830037e-01   8.2979307e-02   1.9280462e+00  -4.2753848e-01   7.4388400e-02   5.8922738e-01   7.7743918e-01  -4.5700622e-01  -3.6020324e-02   2.1779205e-01  -3.2078582e-01   4.4356501e-03  -8.7027676e-02  -9.7534075e-02  -1.9475652e-01   6.6248655e-01   1.9721589e+00   5.1980293e-03  -2.6690757e-01   3.4184480e-01   1.1823869e+00   4.9366826e-01
  -1.4453416e+00   2.9254064e-02  -1.1454043e+00  -1.0090357e+00   7.1183538e-01   2.9343531e-01   3.8371468e-01   7.9764807e-01   3.4316820e-01  -1.3454349e-01   3.7541068e-01   4.6503228e-01   8.1063855e-01   1.0631382e-01  -6.2040752e-01  -5.2293831e-01  -1.0936090e+00   6.9243079e-01   1.1474789e+00   7.9535484e-02  -8.6003989e-01   3.1289619e-01   6.9857168e-01   2.4458709e-01
   1.2057986e+00  -1.5491064e+00  -4.1409758e-01   2.9737630e-01   1.0978570e+00  -5.4469860e-01  -2.9370260e-01   8.7823056e-02  -2.1381424e-01   8.1193440e-02   9.3873240e-02  -5.4887284e-02   2.7921432e-01  -7.9822732e-04   5.8933789e-01   6.3471967e-01   1.8142667e-01   2.4708005e-02   4.4974977e-01   4.3197435e-01   1.7719141e-01  -6.7017829e-01   1.6545445e+00  -1.3257859e+00
   8.9482196e-02   6.0915196e-01   4.5187998e-01   1.2685694e+00   4.0678671e-01   1.8280509e-01   7.7501798e-01   5.2445126e-01   6.3467520e-01   2.8543064e-01   1.2459391e+00   6.6867775e-01   1.0130041e+00   1.5028615e+00  -4.4950169e-01  -7.2888076e-01  -1.2152569e+00  -8.2907215e-02   7.1759468e-01   1.2188966e-01   1.7222255e-02  -4.1104895e-01  -8.0576792e-02   2.0427477e-01
  -9.0993041e-01  -1.1147902e+00  -5.4516122e-02   7.5685340e-01   1.0473890e+00  -1.1636803e-01  -4.6993542e-01  -3.4099451e-01   1.4867951e-01   1.0539482e+00   2.7318719e-01  -5.1245528e-01  -6.6990419e-03   1.7602304e-01  -3.9404917e-01   3.1187403e-01   1.9086243e-01  -6.1492914e-01   1.0225955e+00  -4.4722661e-01  -6.7460442e-01  -8.8606179e-01   1.8785626e-01  -1.7934043e+00
  -1.1736820e+00   1.1052266e+00   1.6916883e+00  -9.6713111e-02   4.9414405e-01   1.7259167e-01  -3.7221354e-01  -3.8656589e-01  -3.0759627e-01   4.3554628e-01   5.1668411e-01  -2.0453958e-01  -4.0959116e-02   9.2836839e-01  -8.8202393e-01   2.2515012e-01   2.1587710e-01  -6.3817722e-01   6.5224189e-01  -2.6964303e-02  -5.8231658e-01   1.0891056e+00  -1.1266891e+00  -8.8479199e-02
   1.0228094e+00   1.7469735e-01   2.8637925e-01   3.4544092e-01   1.2697343e+00   3.7400144e-01   2.4302343e-01   4.0036121e-01  -2.8172895e-01   1.4872084e+00  -3.3423868e-01   3.5289705e-01  -8.9280203e-02   7.0939922e-01   1.1082652e+00  -9.8552322e-01  -4.8730600e-01   2.6028121e-01   1.5989767e+00  -1.5118150e-01   2.1751513e-01   1.2780887e-01  -5.9424555e-01  -4.5917222e-01
  -1.5752086e-01   9.1875654e-01  -4.1156983e-01   6.7971730e-01   1.5321354e+00  -3.3221383e-02   1.1616091e+00   4.1575488e-01   6.3637632e-01   9.7304016e-02   3.1470519e-01   4.6900049e-01   1.0181399e-01   1.1775495e-01  -2.8274924e-01  -9.8503623e-03  -1.1690518e+00  -4.7361355e-02   1.3670491e+00   5.1826644e-01   7.6637685e-01   6.2257254e-01  -5.8627194e-01  -9.8296708e-01
   1.5943046e-01  -8.1918949e-01  -1.3417897e-01   3.8140103e-02   2.2150843e+00   2.6143911e-01  -1.4604546e-01  -2.8427041e-01   3.1308645e-01  -3.2528967e-01  -1.3899890e-02  -1.0078325e-01   2.0054106e-01   2.1676965e-01  -9.0816164e-01  -3.7463587e-02  -6.3050948e-02  -1.2800245e-01   1.5639596e+00  -2.9474637e-01  -1.3091663e-01   4.5357496e-03  -9.3445230e-01  -1.2790016e+00
  -4.8258069e-01   1.0114169e-01  -2.9875284e-01   8.5140461e-01   1.0247866e+00  -5.6851625e-02   9.4260758e-01  -1.4410791e+00  -2.1022144e-01   6.6498858e-01   3.2058042e-01   8.9745021e-01   7.6612866e-01   9.3051189e-01  -3.1279898e-01   5.3487778e-01   6.5182561e-01  -4.2203221e-01   2.3005396e-01   4.2714351e-01  -1.3257716e+00   6.3529599e-01  -1.5494588e-01  -8.1800216e-01
   1.5720322e+00  -6.7238683e-01  -8.0597043e-02  -7.5503325e-01   6.6870040e-01  -6.2926900e-01  -1.4371562e-01  -2.7635404e-01  -8.0021387e-01   4.4542548e-01  -5.9245622e-01   1.5244509e-01   3.4020880e-01  -1.0595754e+00   1.6639813e+00   1.2106632e+00  -1.7179474e-01   1.6939455e-01  -2.3178561e-01  -4.2461777e-01  -5.3009628e-03  -3.1312412e-01   6.1424375e-01   3.2603604e-01
   3.2022789e-01   1.9296631e+00  -3.5746360e-01   1.5575838e-01   1.3257574e+00  -3.9126757e-01   1.4269958e-01   2.1747266e-01  -2.6074764e-01   3.0404732e-01  -6.3958511e-02  -1.1425416e-01   1.5737711e-01   1.6770972e-03   2.7944997e-01  -3.9935932e-01   1.3756736e-01   1.7048846e-01   1.9327174e+00   2.2178680e-01   1.2562017e-01   1.1898018e-01   1.2828640e+00  -3.0862641e-01
   1.5279004e-02  -2.0734023e-01   1.0263467e-01  -3.2564633e-02   1.9386439e+00  -4.2503515e-01   4.2594373e-01   7.7098364e-01  -5.7240760e-01   9.6260130e-01  -4.7311759e-01  -4.9659614e-03  -1.1089131e-01  -3.4541154e-01  -6.4872313e-01   9.9385870e-01  -1.3072115e-01   6.8857992e-01   1.6615734e+00  -1.4214884e-01   3.3147597e-01   1.7554808e-01   9.2316009e-02  -8.8912666e-01
  -1.6545703e+00   3.9686669e-02   2.1488135e-01   2.7246472e-01   1.3144691e+00   1.8400560e-01  -1.2163550e-01  -2.8040668e-01  -2.2784530e-01   9.6548760e-01   3.3581644e-01   1.1591606e-01   1.2149911e-01   4.1804146e-02   1.0343362e-01   1.4365217e-01   3.8521922e-01  -5.8294857e-01   2.2323809e+00  -6.8496984e-01   8.5294887e-02  -5.5207588e-02   4.1869393e-01   2.4688959e-02
   1.1764275e+00   4.8939213e-01   2.7012311e-02  -4.7820556e-01   1.6354390e+00   3.8257483e-02  -2.2114633e-01  -5.6004387e-01  -7.9244965e-01   6.4797950e-01   3.4381491e-01   1.1979958e-01   3.3515632e-01  -2.0394658e-01   8.0524504e-01   8.5499358e-01   3.4853898e-02  -6.8531483e-01   1.8869826e+00  -2.2217849e-01  -1.7339844e-02  -1.6565138e-01   5.1834029e-01  -1.3152583e-01
   6.6427305e-02   3.1344959e-01   2.1671283e-01   5.3824162e-01   1.0377266e+00   8.1525899e-02   1.8083116e+00   3.3921811e-01  -5.1389873e-01   1.8125887e-01  -9.9290752e-01   1.6807958e-01  -7.4933225e-01   8.4174204e-01  -1.6339162e-01  -6.1883718e-01  -3.6170012e-01  -4.0400216e-01   2.9749802e-01   1.3558035e-01  -6.2413120e-01   1.6010169e+00   1.4924413e-01  -8.5166836e-01
  -1.7565410e-01  -1.6675426e+00   1.0987644e+00   1.5627670e+00  -3.7887415e-01  -2.3571497e-02   3.3996350e-01  -1.0918816e-01  -4.0631786e-02   1.5808238e-01  -9.7721137e-02  -1.8634549e-01  -1.3171445e+00   2.0923822e-01  -7.7008700e-01   8.3739811e-01   5.7132870e-01   4.6248353e-01   6.3612103e-01   4.7693685e-02   8.0340928e-01  -2.3082620e-01   4.3047008e-01  -5.4055965e-01
  -7.3705399e-01   1.1405878e-01   8.7923139e-02   5.4830447e-02   1.9240376e+00  -2.3309658e-01  -3.0149803e-01  -1.3489665e-01   6.5847641e-01   1.0653237e+00   1.9726779e-03  -3.5806653e-01  -2.8586191e-01  -4.5676820e-02  -8.6321104e-01  -1.0809404e+00   1.3368636e-01  -8.5508078e-02   1.8869728e+00   6.2599108e-02  -7.3265180e-02  -6.8021566e-02   2.4632504e-02  -5.2267802e-01
   1.0317205e+00  -1.1109997e+00  -6.2880415e-01  -9.4455284e-01   6.3356590e-01  -4.9557650e-01  -8.2522072e-03  -4.8502135e-01  -2.0958248e-01  -6.2244844e-01  -5.9548092e-01  -8.6077889e-03   9.6202904e-01  -1.1206021e+00   1.3874168e+00   1.1887854e+00   3.6829522e-01  -5.3431618e-01   6.4030749e-01   5.5733103e-01  -3.0872852e-02  -1.3973933e-01   2.5233385e-01  -4.4658990e-03
  -8.9989346e-01   1.1985277e+00   4.9858928e-02   1.1797068e+00   8.9425546e-01   5.8111590e-01   8.2963389e-01  -9.0140864e-02   4.4700623e-01   1.5442151e-01   1.7744762e-01  -3.1792054e-01  -1.1781471e+00  -1.3449730e-01   1.0410134e+00  -9.8712623e-01  -8.8208336e-01   5.0058648e-02   7.2420162e-01  -9.1359323e-01   4.3355671e-01  -1.3418721e-01  -2.8445381e-01   5.2788740e-01
  -4.0496302e-01  -1.0747178e-01  -1.4925653e-01  -8.1677496e-02   2.0825992e+00  -3.3616886e-01   5.3863436e-01   5.8655236e-02  -9.2069960e-01   2.9215303e-01  -2.8038397e-01   1.2855843e-03  -2.6763970e-01  -5.8604654e-02   5.7177526e-01  -2.7272972e-01  -4.9971116e-01   9.7691745e-02   1.9358751e+00   3.2596490e-01  -2.4330449e-01  -2.1832839e-01   2.4036749e-01   1.1339827e+00
  -1.5466232e+00   3.6035988e-02   1.7146040e-01   4.9437466e-01   1.5637479e+00   2.7696058e-01  -6.6910185e-02  -4.8342982e-01  -8.6312455e-01  -6.1410066e-02   1.3646002e-01   4.1228139e-01   2.1035400e-01   2.4866076e-01  -1.3683805e+00   4.5027286e-01   1.2535422e-02  -4.0524188e-01   1.3910571e+00   2.4536486e-01   2.5547630e-01   1.2657095e-02  -1.0405756e-01   1.1036910e+00
   7.5212443e-01   8.9609963e-01  -2.1770792e-02   5.1056385e-02   1.6339388e+00  -3.0707815e-01   7.9460651e-02   6.6274747e-02  -4.6894416e-01  -1.0840672e+00   6.5461576e-02  -1.1998809e-01   3.5284460e-01   2.0568658e-01   5.6887496e-01   3.0969641e-01   2.6910016e-01   4.3357974e-03   8.4518528e-01  -5.4177821e-01  -4.4215029e-01   1.9342853e-01  -7.5568742e-01   1.9922539e+00
  -6.7505282e-01   6.6703933e-01   7.4557126e-02  -3.2145035e-01   1.8969022e+00  -4.7015885e-01  -3.8460755e-01   5.4769659e-01  -6.7435580e-01  -6.0567570e-01   3.3267903e-01  -7.4695930e-02  -9.1883428e-02   2.7818686e-01  -2.4316618e-01   1.1791050e-01   7.5633965e-02   1.2164368e-01   2.5175452e-01   5.1731110e-01   2.8516841e-01   5.2039200e-01   1.5011020e+00   1.6339005e+00
  -8.1530607e-01  -1.3455251e+00   6.1392933e-01   2.7476249e-02  -7.2306216e-01   2.3099508e-02   2.1681525e-01  -2.1773127e-01  -3.9004430e-01  -1.3838700e+00   2.2711693e-01  -7.3654652e-02  -5.9584135e-01   3.5452577e-01  -4.7260997e-01   1.4867611e+00   4.4550988e-01   4.3467069e-01   1.6187886e+00   9.0159476e-02  -1.1350624e-01   2.3073485e-01   2.6356691e-01   5.8225447e-01
  -9.6392000e-01  -1.1347586e+00   5.9955770e-01  -3.7204111e-01   8.1855989e-01  -1.1621504e-01   5.8443319e-02   4.0120849e-01  -9.8557174e-01  -8.5116160e-01   3.5922763e-01  -4.0002805e-01  -5.0754374e-01  -1.6371875e-01  -7.0469487e-01   7.5559235e-01   3.7940568e-01   8.8942635e-01   1.7417315e+00  -3.4225765e-01   2.4202168e-01   3.5468274e-01   8.3986372e-01  -3.5356912e-01
   9.7279471e-01  -4.1317269e-01  -1.4856468e-01  -2.9149964e-01   1.1969135e+00  -3.2515833e-01  -1.4148934e-01  -3.2906455e-01  -1.3904107e+00  -8.2405263e-01  -1.0107376e-01   4.1359618e-01   2.3531879e-01  -3.7810266e-01   6.7698538e-01   8.0275536e-01   1.8546121e-01  -5.5451006e-01   1.5813094e+00   3.3573624e-01   4.1789380e-01  -1.3219312e-01   6.5986395e-01   1.1966501e+00
  -6.7187533e-02   3.7516102e-01   2.7346236e-01  -2.0035692e-01   7.4695176e-01  -3.6885595e-01  -7.7520549e-01  -4.2494822e-01   3.9966682e-01  -1.3491120e+00  -1.4098151e+00   4.3285999e-01   2.1263748e-02  -8.3945656e-01   1.9961169e-01  -2.9172474e-01   6.3737726e-01  -1.0654778e+00   1.3363893e+00  -3.3279660e-01   3.7382144e-01   8.9136791e-01  -3.4906226e-01   8.8607126e-01
  -2.3181082e-01  -1.8596537e+00  -7.8788233e-01   1.6259921e-01   9.9587476e-01   1.7354801e-01  -2.6583068e-02  -5.0930804e-01  -7.0233464e-01  -1.3551769e-01  -6.8123834e-03   4.5890552e-01   3.1413293e-01  -1.0451667e-01   5.7184935e-01   8.3850598e-01   8.1829868e-02  -2.3977832e-01   5.1030922e-01   6.4922333e-02   8.0949759e-01   3.5404536e-01  -2.2843112e-01   1.8801984e+00
  -2.9854155e-01  -1.2785227e+00  -4.5805776e-01   2.6991203e-01   1.4228061e+00   7.2897631e-03  -3.6657107e-01  -4.8191500e-01   1.0252655e+00  -6.5766251e-01  -4.1491815e-01   2.7029729e-01   1.7891814e-01   6.8487662e-01  -1.5059534e+00   1.0824673e+00  -5.0767239e-02  -5.1343012e-01   1.0864038e+00  -6.6674352e-01  -1.9911263e-02   2.1925466e-02   1.9999436e-01   3.2362513e-02
   2.2662061e-01   4.2098337e-03   1.4742880e-01   1.5636788e-01   1.0326968e+00  -1.0959267e-01   3.3892211e-01   3.7075639e-01  -1.2966703e-01  -1.5924118e+00   9.7186130e-01  -8.2298666e-01  -9.6365339e-01   4.5602617e-01   1.1664038e+00   3.3209357e-01  -7.2381961e-01   7.2059309e-01   1.5331219e+00   6.3936047e-02   2.7600166e-01   2.4825089e-01   7.4408509e-02  -4.9879181e-01
  -7.5065291e-01   1.3295964e+00   5.7724792e-01  -1.4568726e+00   1.8161497e-01  -2.1928592e-01  -1.8371752e-01   1.5614708e-01   6.5102983e-01   4.6486196e-01  -7.3247743e-01   2.9894552e-01   3.1645897e-01  -1.1259283e+00   1.7858545e-01  -1.1372517e+00   8.6818874e-01  -7.4988884e-01   8.8778436e-01  -7.1996832e-01   2.1450263e-01   4.6661493e-01   2.7476910e-01   3.9119551e-01
   1.1061996e+00  -6.1676884e-01  -3.8634217e-01   6.7024714e-01   1.3079734e+00   3.1483692e-01  -7.9225659e-01   1.8105662e-01   2.4047403e-01  -8.5079676e-01  -5.0065368e-02   5.5259669e-01  -5.3836036e-01   1.7641087e-01  -3.1250048e-01   7.4366152e-01   9.2749906e-01   1.3698256e-01   1.3443716e+00  -6.7264324e-01  -6.0992056e-01   4.8202103e-01  -3.3789897e-01   1.1868182e+00
  -2.0690947e+00   2.3652700e-01   8.1985205e-01  -4.1260558e-01   5.5724454e-01   3.6222389e-01  -2.8713831e-01  -2.8540319e-02  -2.5214320e-02  -5.3707612e-01   8.0041252e-02   2.3349923e-01  -2.5646949e-01  -6.4584799e-02  -6.2679774e-01  -1.6506795e-02   8.6711481e-02  -1.0563654e-01   1.9692007e-01  -4.2329457e-01   8.4808476e-02   9.1447806e-01   7.7397680e-01   1.9501960e+00
   5.8621693e-01  -4.5410708e-01   1.8742509e-01  -1.3337281e-01   9.9863499e-01   3.3792171e-01   2.9503521e-01   1.1493750e-01  -1.3730403e+00   1.3106985e+00  -5.1874995e-01   2.1658099e-01   2.5970632e-01  -1.6732073e-01  -4.0924627e-01   2.7205539e-01  -3.9106509e-01  -3.8705092e-02   1.2772938e+00   9.5230639e-03   6.4951390e-01  -2.5250989e-01  -1.9124984e+00   1.0083744e-02
   1.1179069e+00   8.9957535e-02  -1.6102719e+00   4.8544857e-01  -7.1508265e-01  -5.6416738e-01   1.2345407e+00   3.7755287e-01   1.4588305e-02  -4.3768913e-02  -4.8586693e-02   1.5936399e-01   1.6205868e+00   1.5934584e-01   9.5176154e-01  -1.4806220e-01   4.4827068e-01   4.8695120e-01   3.4712410e-01   2.3089257e-01   4.4694129e-01  -7.8798306e-01   1.5647140e-01  -5.9237546e-01
   5.3627205e-01  -1.4766052e+00   9.5538069e-03  -4.4895656e-02   1.6714441e+00  -2.1066059e-01   3.8582332e-02  -1.9014603e-02  -8.2885522e-01   3.3637352e-04  -1.1927146e-01  -2.2136308e-01  -4.2562010e-03  -7.4783564e-02   3.8326215e-02   3.3237118e-01  -5.6456197e-03  -2.1805381e-02   2.3844199e+00  -4.5488656e-02   9.6931523e-03  -2.7077813e-02  -2.6386333e-01  -2.5243628e-01
  -3.5364342e-01   6.9743007e-01   6.1668646e-02  -1.2929948e-01   1.7888116e+00   1.9948751e-01  -2.8109273e-01  -4.9310151e-02  -1.3411160e+00  -3.8956159e-01   1.1233934e-01   8.2647547e-02   4.8995093e-03   2.0916067e-01  -7.0327111e-02   8.7599748e-01   3.2846045e-01   9.8963551e-02   2.0697346e+00   8.4253224e-03  -1.9249988e-01   5.1956354e-03  -7.8866017e-01   4.4767073e-01
   1.9299467e+00  -1.8659580e-01   9.7087854e-01   3.3278155e-01   9.5071757e-01  -2.6863784e-01   5.3226680e-01   3.2107700e-02   2.5319558e-01   3.0923176e-01  -3.6926009e-02   6.1189318e-01  -8.0065870e-01   1.8351728e-01   1.5809320e+00   8.3349049e-02  -1.3286054e-01   1.0499790e-03   3.5093680e-01   1.4554060e-01   4.8682350e-01  -4.1873851e-01  -1.1836315e+00   4.8468569e-01
   1.2121223e+00   1.1673918e+00  -6.6785860e-01   4.5814046e-01   1.4111692e+00  -3.8252860e-02  -1.4290373e-01   6.6296589e-01  -5.4066263e-02  -2.7258265e-01  -2.6406046e-02  -1.1826026e-01  -4.3371428e-02  -4.8014304e-01  -9.7394985e-01  -2.8017616e-02  -8.6943381e-02   9.1766459e-01   1.9338754e+00   2.8554317e-01   1.1368626e-01  -5.3483207e-02   1.6566636e-02  -3.1368363e-01
   2.3955487e-01  -5.6556404e-01   2.8373611e-01  -3.5797688e-01   1.7659624e+00  -3.3467323e-01   1.1869968e+00   1.1880804e-01  -6.9485539e-01  -6.9080919e-01  -3.5338587e-01  -5.3002101e-01  -5.8543473e-01  -9.8145574e-02   4.2827651e-01   8.0175734e-01   1.0405787e-01   1.0429889e-01  -1.5090647e-01  -2.0704861e-01   7.7174789e-01  -6.8000931e-01  -1.7197195e+00   3.3638155e-01
  -4.4419369e-01   1.2070459e-01   1.3024343e-02   2.4382278e-01  -7.6167816e-01  -4.4731304e-02  -1.3167255e-01   4.3052748e-01  -1.6592412e+00  -8.9136899e-01  -7.0247251e-01   9.6287566e-01  -2.1764064e-01   6.5964043e-01  -8.7903517e-01   1.8071395e-01  -4.2307517e-01  -4.9611008e-01   8.2406557e-01  -7.6580173e-01   7.8546041e-01   3.6577219e-01  -5.2454150e-01   1.4039413e+00
   1.9213367e-01  -5.7335895e-02   1.1052110e-01  -4.3117516e-02   9.6103776e-01  -3.5212398e-01   5.1260585e-01  -1.9348204e-01  -1.8058842e+00   8.8453792e-02  -1.1848119e+00   4.0652969e-01  -8.1345290e-01  -8.1953049e-01   1.4911464e+00   7.7504539e-01  -1.8503164e-01   3.4941962e-01   5.4778314e-01  -7.1772498e-01   3.9028952e-01  -3.4338359e-02  -6.6426289e-01   1.8980664e-01
  -3.8739264e-02   1.6001855e+00   1.4052974e-01  -5.9900306e-02   1.2695553e+00   4.9244836e-01   5.9186339e-02  -1.5816723e-01  -1.1745234e+00   5.1382534e-02  -2.6814538e-01   2.3088722e-01  -2.2839425e-02  -3.7408867e-01   1.8791853e-01  -1.1912413e+00   2.0507219e-01  -2.5489669e-02   1.5810325e+00   3.8547370e-01  -5.3518612e-02   1.2430143e-01  -9.4460142e-01   9.0996569e-01
  -7.1940440e-01  -1.0379933e+00   9.0486757e-02  -1.9077835e+00   4.3336275e-01   2.2817585e-01   2.8464827e-01   6.3002425e-01  -2.1978842e-01   9.1188475e-02  -1.1022210e-01   7.5651467e-02   8.4080085e-02  -9.3227786e-01  -3.1263056e-01   4.8070896e-01  -1.4071417e+00   7.7722740e-01   1.0977837e+00  -2.1105551e-03   8.0490828e-01  -1.7858023e-02  -5.0476778e-01  -2.6000798e-01
  -8.9314246e-01  -3.9401099e-01   1.2842663e-01  -2.2822449e-01   6.1643732e-01   2.9195967e-01  -1.5846147e-01   1.8102150e-01  -1.9671962e+00  -2.1855116e-02   3.2129750e-01  -5.2935219e-01  -1.1042425e-02   2.3388684e-01   4.5466345e-02  -2.9383683e-01  -1.5299471e-01   3.4392694e-01   1.1870490e+00   3.5500371e-01  -6.1488217e-01  -3.6997002e-01  -1.3099338e+00   1.4665092e+00
   5.0629157e-01  -2.0507897e-01  -1.0955720e+00   1.0300574e+00   5.9624916e-01  -2.7319565e-01  -1.3018016e+00   1.2350795e+00   1.1785720e-01  -1.6575184e-01  -2.4396081e-01   2.5805086e-01  -3.7076899e-01   7.6640183e-01   8.3890550e-02   1.7505315e-01   1.0277944e+00   1.1053756e+00   3.8153648e-01   2.3496887e-01  -6.4738607e-01  -1.3445935e+00  -2.5670198e-01  -2.9686546e-01
  -8.5542971e-01   8.6458224e-01   3.2182544e-01  -2.3189907e-01   1.2908638e+00  -4.4437686e-01  -4.4672742e-01   1.2813753e-02  -1.3480798e+00  -5.7178038e-01   1.1315338e-01  -2.4497239e-02  -9.3563125e-02  -3.9300627e-01   5.4856962e-01  -1.2390699e+00   5.8595049e-01  -1.5891919e-02   1.9283271e+00  -1.9799212e-01   7.4869148e-02   1.6783198e-02   1.8548875e-01  -3.5239466e-02
  -6.3405961e-01  -6.4367449e-01   3.0827826e-01   4.6183568e-01   1.6484967e+00   6.3391411e-01  -1.0534041e+00  -4.7547066e-01   2.1079943e-01  -1.6312462e-01  -6.2231854e-02   6.8349481e-02  -8.6071223e-02  -1.3202834e-01   1.9770424e-04  -7.2139718e-02   7.6627952e-01  -5.6334728e-01   1.2614827e+00  -7.6440036e-01  -6.1578107e-01   8.2743281e-01  -8.5223508e-01   1.2000999e+00
  -1.5259130e+00   1.3876925e-02   6.7712480e-01   2.5121230e-01   1.2598938e+00  -2.7745456e-01  -6.4762598e-01  -3.0450659e-02  -2.9627004e-01  -7.1391046e-01   1.9919764e-01   9.8961875e-02  -8.1848806e-01  -5.8181047e-01  -1.0705214e+00  -1.6065173e+00   5.1311362e-01   1.9012669e-02   9.0790898e-01   3.2252818e-01  -1.5746704e-01  -3.3581185e-01  -8.8967331e-02  -5.8772695e-01
   5.0603902e-01   8.7348789e-02   1.2490657e-01  -1.3751258e-01   1.9285078e+00  -2.1784344e-01   3.2680923e-01  -5.2523750e-01   1.2000903e+00  -1.4766069e-01   2.5043935e-01  -2.5319061e-01   2.6949787e-01  -9.5787123e-02   2.6413572e-01   1.5884987e-01   2.7871616e-02   1.1345240e-01  -4.0651035e-01  -9.0379573e-02   5.5571206e-02  -6.3963634e-01   1.8988628e+00   1.2577298e+00
  -8.2116061e-01   3.8843355e-01   4.3627571e-02   3.8247162e-01  -6.6272342e-01  -8.1984603e-01  -4.7523797e-01   2.1514609e-01   1.1912220e+00   1.3565482e+00   8.5945046e-01  -4.0310404e-01  -3.5518882e-01   3.4345414e-02   3.3442798e-01  -1.3273593e+00  -2.6130961e-02  -6.6331732e-01   1.2787194e+00   2.9246104e-01  -1.9754525e-01  -4.4406712e-01   1.0391966e+00  -6.4915605e-02
   7.0755817e-02  -1.5428308e-01  -1.0739397e-01  -1.7058285e-01   1.1806493e+00   7.4083067e-02   7.6139438e-01  -8.2029325e-01   3.4893110e-01   1.3451319e+00   1.2948955e+00   5.8443469e-01   1.1387990e+00   2.4524157e-01  -7.9240644e-01   7.2062886e-01  -5.3982705e-01  -6.5466428e-01   9.7747964e-01  -4.0965213e-04  -3.1889769e-01  -6.7965853e-01   7.3894340e-01   1.9932547e-01
  -1.3132519e+00   3.6585301e-01   1.0577437e-01   1.8806791e-01   1.3147568e+00   4.8925456e-01  -2.6826769e-02  -7.8468062e-02   1.3728811e+00   3.2009146e-01  -4.3685332e-02  -1.7800370e-01   3.3496162e-01   2.1909168e-01  -1.2687212e+00   1.6113533e+00   3.4975603e-02  -1.4769119e-01   1.2299891e+00   3.1128034e-02  -3.2866627e-02   4.4579335e-02  -4.3871868e-01   2.3304397e-02
   1.2450796e+00   5.8372599e-01   3.3881006e-01   5.6708014e-01   1.5248238e+00  -6.7492867e-01   8.0383950e-01   6.6962399e-02   4.1064280e-01   4.3235692e-01   4.0184170e-01   3.0743656e-01  -7.1546006e-01   2.8416094e-01   1.5841655e+00   7.9815722e-01  -2.2220032e-01   9.1307133e-02   4.8147506e-01   1.0966274e-01  -5.5333281e-01   1.2785307e-01   1.0804639e+00   3.1481940e-01
   1.8840603e+00   1.3908409e+00   5.0364542e-01  -2.3446399e-01   2.1263892e-02   4.9397054e-01   9.7390071e-02   1.2284842e-01   1.3791797e-01  -1.2583768e-01   2.6393715e-01  -2.6930186e-01  -1.7614780e-01   4.4746038e-02  -7.9967072e-03  -7.1914124e-01  -5.9430618e-02  -4.2623267e-01   2.0949752e+00   2.2829546e-01   6.0757231e-02  -1.2097190e-01   4.3508491e-01   6.1403418e-01
  -5.4920036e-01  -1.6410140e+00  -3.5565153e-03   1.8277606e-01   1.5771435e+00  -3.9538851e-01  -2.0846353e-01   2.3933120e-02  -1.2404991e-01  -4.9292555e-01   7.6598376e-02   2.9451411e-02   1.8757942e-01   2.0079259e-02   1.2036535e+00   3.1863454e-01   1.9469690e-01  -3.4276113e-02   1.3752691e+00   7.1891278e-01   1.6932610e-01  -5.5956263e-03   1.3280680e+00   4.3993285e-01
  -1.5486910e+00  -3.2542758e-02  -7.4413007e-01   1.9282019e-01   1.3522727e+00  -9.7257072e-01   4.5342296e-01  -7.7006060e-01  -1.2780386e-01   2.7910361e-01  -4.1495159e-02   2.2403385e-01   4.1518810e-01   9.9418061e-03  -1.2943313e+00  -4.3214613e-01  -2.8526655e-01   8.4075138e-02   7.1154255e-01  -6.8998285e-02  -6.8129218e-01   8.1516311e-02   1.4775786e+00   4.7490753e-02
  -6.6157520e-02  -1.8841563e-01  -1.2631517e-02  -1.4096381e-02   1.4604765e+00  -4.2793480e-01  -9.7095497e-02   1.2129095e-01   1.6735866e+00  -8.0958652e-01   1.0864239e-01   2.7214339e-01  -1.4438322e-01  -3.3502430e-01  -6.6644639e-01   8.9477855e-01   1.4753824e-01   1.7715108e-01   2.0915201e+00   5.1798373e-01  -8.5096871e-03   3.7015479e-02   3.9930049e-02   2.2389092e-02
  -3.1202504e-02   1.2875826e+00  -8.0722332e-01   1.8344370e-01   7.0804781e-01   1.5610498e-01  -1.8834630e-03   4.3898329e-01   8.5313797e-01  -9.9640113e-01   6.1547852e-01   4.2284399e-01  -2.2335379e-01  -2.0703797e-01  -1.5357191e-02   3.2144642e-01  -7.5549555e-01   9.9041444e-01   1.7929137e+00   6.2257552e-01   1.2632379e-01   6.5908498e-01   8.1654596e-01  -4.3814081e-01
  -1.3024602e+00  -1.2248539e+00   2.5301820e-01   9.4482023e-01   3.5547870e-01   1.4989489e-01  -1.9062845e-01  -1.9672182e-01   8.4837830e-01   4.7664568e-01  -9.7141027e-02  -3.5863918e-01   3.5337710e-01   8.7481177e-01  -5.9397751e-01   1.5941106e+00   7.3049265e-01   1.7782642e-01   6.1038786e-01   9.5411479e-01   4.4003001e-01   2.4191073e-01   3.0270258e-01   7.4944264e-01
  -2.2855124e-01  -1.1498202e+00  -2.3868422e-01  -1.1321063e+00  -3.2853881e-01  -4.3704832e-01  -3.6789352e-01  -4.3208122e-01   9.3237478e-01   3.8035399e-01   9.0537709e-01   3.4403387e-01   4.6209338e-01  -2.3586744e-01  -2.4308585e-01   3.5746905e-01  -9.5809436e-01   3.7144282e-01   8.9162087e-01  -6.5615320e-01  -1.4014864e+00   1.5328404e-01   1.3134072e+00  -5.1363343e-01
   4.3636423e-01  -7.7996778e-01   8.0558962e-01  -3.1684467e-01   6.8064821e-01   2.3803523e-02   2.7020589e-01   5.4858184e-01   1.1671586e+00   7.0310134e-01   6.3842797e-01   9.6857733e-01  -8.2572013e-01   1.1054749e+00   1.4487875e+00  -2.4342535e-01  -8.2130140e-01   3.4141850e-01   9.1391397e-01   5.2597195e-01  -4.2566550e-01  -6.7787483e-02   3.2393506e-01   3.9482796e-01
  -9.3067661e-02   6.3108909e-01   2.4478775e-01   4.2676929e-01   1.1135455e+00  -4.1413713e-02   6.4679176e-01  -5.4669529e-01   1.3026946e+00   5.5771029e-01   1.0525210e+00  -1.7711139e-01  -4.3109381e-01  -6.3299084e-01   9.3033123e-01  -1.7030846e-01  -1.0002465e+00  -7.5567478e-01   1.6435651e+00   1.1986652e-01  -3.1948736e-01  -2.8841543e-01   5.2989829e-01   1.0283906e-01
   5.4361749e-01  -1.5662718e-01   4.0902188e-01   7.7132337e-02   1.2498789e+00   2.3771805e-01   7.5192660e-01   5.6838715e-01   1.3189106e+00  -8.8220155e-01   1.0741780e+00  -6.2339626e-02  -7.1975631e-01  -5.5730528e-01   1.6856278e-01   1.4219534e+00  -1.3663021e-01   1.7050640e-01   3.9431748e-01  -8.1153765e-02  -5.4950172e-01   6.0424036e-01   1.2018744e+00  -3.5158190e-01
  -8.1485635e-01  -3.8761985e-01   1.5762623e-01   2.3713221e-01   1.6350491e+00   6.0302591e-01  -4.5989150e-01  -4.1236219e-01   1.1012785e+00  -6.2072110e-01  -3.5790396e-01   3.6767777e-02  -1.7025782e-01   2.1007739e-01  -4.5349884e-01   1.1046072e+00   4.3362224e-01   1.4953294e-01   1.0707295e+00   7.3892379e-01   4.7695494e-01  -1.9907419e-01   1.4389155e+00  -4.6815127e-01
   4.3144995e-01  -6.7870241e-01  -6.2283581e-01  -9.5161871e-04   2.2682434e-01   1.3311340e-01  -2.6544350e-01   1.0901588e-02  -2.7445015e-01   1.7488924e+00   1.2012048e+00  -4.4775644e-01   1.3753010e+00  -2.3452698e-01   1.2369910e+00   1.3972198e+00   1.7692108e-01   5.1907040e-03   1.4663132e-01   3.0036640e-01  -3.1275323e-01  -2.7294448e-01   4.8719216e-02  -5.4922897e-01
  -2.2392619e-01   7.8287441e-01  -2.0883648e-01  -1.1418390e-01   1.3073908e+00  -1.1811095e-01  -5.0495498e-02   4.0911871e-01   1.4894213e-01   1.7102947e+00  -4.5953789e-01  -9.7409561e-02   2.9075903e-01   1.8428227e-01   5.2980065e-01  -2.5757244e-01  -1.7145774e-01   3.3232960e-01   1.2238826e+00   3.3177227e-01   6.0054296e-01  -2.1785223e-01  -5.3765202e-01  -1.8189818e+00
  -7.1504825e-01  -1.5720671e+00  -8.3832765e-01   2.3836747e-01   1.0692570e+00   4.5648682e-01   2.6446199e-01  -3.9957762e-01   5.3183079e-01   9.9433094e-02   1.7232850e-01  -2.6043883e-01  -1.9533284e-01  -3.9081576e-01   7.1651179e-01  -2.0731989e-01  -3.0500088e-02  -1.0439601e+00   1.9661157e+00   2.5227007e-01  -2.9650375e-01   5.7454888e-02   3.0310262e-02  -6.5323752e-01
  -9.0232126e-02   6.0617059e-01  -9.3826048e-02   5.2141398e-02   4.5854944e-01   4.0432817e-01  -3.6226641e-03   1.2287237e-01   1.9311930e+00   1.0801022e+00   2.5598833e-01   6.3689250e-01   1.1596444e-01  -3.5293791e-01  -1.4684453e+00  -7.6825571e-01  -2.8683141e-01   2.8959289e-04   6.9043779e-01   8.7659752e-01   5.8426127e-02   3.6172110e-01   6.7930043e-01  -1.0242465e+00
   1.7104031e-01   3.8006368e-01   3.9201334e-02  -5.1797336e-01   4.4750854e-01   1.1500090e-01  -3.6848852e-01  -4.3563226e-01  -5.2983123e-01   1.3608856e+00   1.4689115e+00  -9.1840953e-01  -5.0468147e-01   5.8100915e-01  -1.9161627e-01   5.9138620e-01   2.6502100e-01  -6.1227318e-02   2.8760451e-01   2.1746609e-01   5.4463017e-01  -1.5865672e+00   1.1499206e+00  -7.5143230e-01
  -1.3732608e-01   1.1241627e-01   2.1172602e-02   4.9152628e-02   2.2298362e+00   1.4311703e-01  -6.4673167e-01  -7.7616650e-01  -1.2172293e-01  -4.6100429e-01   1.5204196e-01   2.7406701e-01  -2.4796605e-01  -3.2275677e-01   5.1436830e-01  -1.2606364e+00   1.3319512e-01  -6.2573695e-01   1.4331321e+00  -3.4294990e-01  -3.5672069e-01  -2.1520679e-01   1.6378744e-01  -9.0891272e-01
   7.2914535e-01  -1.0175940e+00  -8.4726191e-01   1.7145072e-01   1.1716840e+00  -5.0736862e-01  -8.1136620e-01  -3.9226300e-01  -2.3861762e-02   8.7152046e-01   5.5459106e-01  -1.6374740e-01  -9.4199371e-01   6.0734946e-01  -1.5546536e+00  -4.0615177e-01   3.2502621e-01  -6.3988882e-01   1.0267047e+00  -1.6331092e-01  -1.3517448e-01  -5.0286007e-01   4.0229031e-01  -5.3070235e-01
  -4.6900040e-01  -2.7138433e-01  -2.2777997e-01   1.3237990e+00   5.6476104e-01   7.2703280e-02  -4.6438965e-01  -7.4061477e-01   1.0043599e-01   4.2669448e-01   1.2410616e+00   8.3355021e-01  -1.6942511e-01   2.1701910e+00  -1.0376099e+00   2.0570241e-01   4.7095293e-01  -1.8261762e-01   1.6118208e-01   1.9847392e-01   3.7900507e-01  -2.2971311e-01   5.7201665e-02   9.4198324e-02
   3.9037296e-01   2.4793440e-01   5.1353496e-01  -4.1427214e-02   1.1691744e+00  -6.5839952e-01   5.8866501e-01  -1.3195399e+00   2.5672862e-01   7.2537661e-01   7.2644222e-01   5.1490778e-01  -2.5574332e-01  -5.1500499e-02   3.3431950e-01  -1.9392420e-01  -5.2804542e-01  -1.6814842e+00   1.3514183e+00   8.2138324e-01   2.7274063e-01   3.8070005e-01  -4.3969548e-01  -1.0146710e-01
  -1.0151193e-01   7.9206638e-02   1.3920264e-01   9.8729596e-02   8.4097487e-01  -2.1606971e-01  -5.1628685e-01  -1.0190939e+00  -6.6067058e-01   8.3642417e-01   1.5441970e+00   8.4199649e-01  -2.2561271e-02  -9.0089780e-01   9.0365916e-02  -4.3281683e-01  -6.3138890e-01  -5.4139596e-01   1.2466080e-01  -5.3809685e-01  -1.0824034e+00  -1.1907647e+00   3.4368223e-01  -9.7650671e-01
   1.7087620e-02  -5.2946651e-01  -1.5998898e-02   4.6312727e-02   3.9231324e-01   7.2293210e-01  -5.4544043e-02  -9.9654749e-02  -4.8003599e-01   2.1131990e+00   1.8776947e-01  -2.1293737e-01   2.6986185e-01  -1.8773788e-01   3.2718661e-01   4.8725808e-01   3.8741964e-01  -2.0119888e-01   2.0781584e+00  -6.1615296e-02  -1.4559211e-01  -1.6415085e-01  -6.7062199e-01  -8.8732702e-01
  -6.9622868e-01   2.7941948e-02   1.7254108e-01   4.1754478e-01   1.1148773e+00  -5.2346158e-01  -7.1710157e-01  -5.0991338e-01  -1.1928297e+00   5.4122043e-01   7.7973777e-01   5.4488444e-01  -1.8312444e-01  -7.7206656e-02  -4.5882039e-02  -3.2888567e-01   8.1688607e-01  -9.6994871e-01   1.6982565e+00   2.5300398e-01  -6.4876068e-01  -4.6181104e-01  -9.7579192e-03  -1.0287360e+00
   4.9151167e-01   4.8973016e-02  -2.8721473e-01  -4.3774593e-01   1.4049646e+00   7.0597452e-01  -2.9907888e-01  -1.4709038e+00  -3.3404485e-03   6.4765906e-01   6.3084108e-01  -4.0006930e-01  -5.9804160e-02  -2.9185906e-01   2.3886457e-01  -1.1773709e-01   1.7931680e-01  -1.0530901e+00   9.9428004e-01  -4.4932008e-01  -8.9273751e-01  -9.1505623e-01   2.2023028e-01  -1.2668713e+00
  -1.5123826e-01   4.2269230e-01   1.7946217e+00  -1.3543795e+00   1.4999735e-01   1.5897079e-01   8.1801072e-02  -7.5581783e-01   5.5262696e-02   2.4218287e-01   1.0902421e-01  -5.8595228e-01  -1.1399546e+00  -1.5910298e-01  -4.8214672e-03   9.8766200e-02   2.9378858e-01  -1.5123435e+00   6.1446293e-03  -1.6785095e-02  -1.3759811e+00  -3.1201267e-01   2.7400367e-02  -3.1024538e-02
  -2.8695887e-01  -1.0477617e+00  -1.4987002e-01   2.9116842e-01   1.8292884e+00  -3.9573863e-02  -4.3828547e-01  -4.0474963e-01   7.8104657e-01   5.8861351e-01   3.3327460e-02  -2.6285359e-01   4.7328997e-01  -6.9970220e-02   9.7971898e-01   1.4160994e+00   2.8023055e-01  -2.2883479e-01   1.0088049e+00   4.9115771e-01  -3.8180232e-01  -9.9611051e-02  -1.2550525e-01  -1.1076012e+00
  -8.3545804e-01  -2.0580689e-04   3.4252444e-01   1.2575482e+00   4.1589069e-01   4.9300179e-01   6.5337437e-01  -7.7362603e-01  -8.6077556e-02   6.7727399e-01   1.0388368e+00   6.8841800e-02  -1.7972843e-01   2.3282307e-01  -2.9553634e-01   2.5274703e-01  -2.9380777e-01   2.0017587e-01  -1.7864646e-01  -4.6303127e-02  -1.8476839e+00  -8.9053196e-01  -1.2539667e-01  -1.4110024e+00
  -2.7473491e-01  -3.7720832e-01   1.1266983e-01  -1.0151345e-01   1.7036321e+00   3.1504914e-01  -5.2281953e-02   8.3942050e-01   4.2860284e-01  -1.1593105e+00   5.7114941e-01   1.1388271e-01   4.2210743e-01  -9.7765531e-03   1.3184351e-01   7.2285794e-02   8.7046422e-02   5.5571443e-01   1.1800835e+00  -1.0869245e-01  -6.6051543e-01   5.6742305e-01   1.0955565e+00   1.5176284e+00
   1.2386273e-01   2.1236210e-01  -1.5778069e-01  -1.4941673e-01   1.4587293e+00   1.7349191e-01  -1.0711390e+00  -3.2081562e-01  -3.8997403e-01  -1.1912280e+00   4.7570890e-01   8.8582832e-01  -7.9955339e-01   5.6996415e-03  -8.9593017e-01  -3.0879566e-01   1.1568244e+00  -2.4940440e-01   1.5575796e+00   2.7178636e-01   3.1911784e-01   2.6242450e-01   3.6150807e-01   4.0357411e-01
  -4.1264960e-01  -2.0208616e+00  -4.0310276e-01   1.6095200e-01   1.1612351e+00  -1.9814369e-01   1.9554481e-02  -1.6124891e-01   1.8234022e-01   3.0583572e-01   1.7285265e-01   2.4351223e-01   3.2313448e-01   3.1680581e-01  -9.9531078e-01   1.7983954e+00  -1.1407273e-01   1.3500759e-02  -1.7550179e-01  -6.8919557e-01   8.3984599e-02  -7.9356313e-02   6.9197941e-01   6.9752812e-01
  -9.8872292e-01   2.6275244e-01  -5.1820374e-01  -2.7775368e-02   6.8660319e-01  -6.4633870e-01   4.2008227e-01  -1.5325485e-01   5.9376073e-01  -1.4588082e+00   6.1471808e-01  -5.1173681e-01   2.0193805e-01   6.3038850e-01  -1.5202153e-02  -3.8777718e-01   1.5703318e-01   3.8315088e-01  -2.9004622e-01  -6.4367533e-01  -2.7416188e-01  -9.4801909e-01   2.6230392e-01   2.0428250e+00
   5.1667202e-01   9.5120780e-02   1.2134911e-01   4.1761748e-02   2.0537329e+00   1.6157597e-01   6.7386681e-01   1.4426050e-01   3.7954083e-01  -7.4197435e-01   3.0749968e-01  -1.8025711e-01  -2.7709430e-01   3.2252160e-01   9.6338767e-01   4.4459142e-02  -6.7358017e-01   3.6607367e-01   1.9967698e+00  -5.6814116e-01   1.3407837e-03  -1.3029316e-01  -1.3058601e-01   3.5292330e-01
   5.1801246e-01   4.1931942e-01  -2.9341200e-01   3.0298159e-02   4.4563583e-01  -2.6141949e-02  -1.6083407e-01   1.5030709e-01  -7.6406133e-01  -1.9442829e+00   8.6825204e-01   5.4866278e-01   2.0956558e-01   2.8063095e-01   2.6685610e-01  -9.1501999e-01  -9.5392287e-02   2.8699255e-01   4.2799476e-01   5.6369996e-01  -7.9091287e-01   3.9096659e-01  -8.2735527e-01   1.6479415e+00
  -1.0852332e-01  -3.2898065e-01   2.9242685e-01   1.9839144e-01   1.2301562e-01   8.4402658e-02  -7.0800245e-02   5.0777953e-02   4.6324524e-01  -1.4853777e+00   1.1895119e+00   1.4286968e+00   1.9436859e-02   1.5051085e+00   8.3537304e-01   7.5422013e-01   4.8722726e-01   7.5474733e-01   9.5761377e-01  -1.4369370e-01  -5.3345293e-01   2.8188610e-01   3.3501312e-02   4.5379856e-01
  -5.4368514e-01   6.9668442e-02   5.4776325e-04  -1.6599204e-01   2.0159068e+00  -1.6839567e-01  -1.2531252e-01   8.2590216e-01   1.0751306e+00  -2.8220560e-02   7.2120383e-02   6.8884593e-01   4.4188422e-01  -1.5443446e-01  -4.1753373e-01  -1.6788228e+00   1.3795277e-01   1.4856119e-01   6.7465860e-01  -2.4840261e-01  -4.3480512e-01  -3.6672857e-02  -4.6734104e-01   1.0328909e+00
   6.1701745e-01   2.7460739e-01  -2.3341995e-01   7.9158328e-02   4.1850593e-02   2.1146581e-01  -5.9366472e-02  -8.3995596e-02  -8.5970417e-02  -2.1994910e+00   4.6673352e-01   4.6378690e-01   1.4896350e-01  -4.0131545e-01  -4.3418044e-01   2.4293336e-01   4.0921101e-01   5.0533736e-01   2.1471090e+00  -4.2415616e-01  -2.1332461e-01   2.6229590e-02  -1.0943724e-01   6.6801232e-01
  -1.1450240e-01   1.3532436e+00  -5.2176267e-01  -6.2792873e-01   1.1092747e+00  -3.5812488e-01  -3.1981099e-01   4.6092325e-01  -5.3007841e-01  -9.3208456e-01   7.6369679e-01   3.2257900e-01   4.5667413e-01  -1.1404610e+00  -8.1038713e-01  -1.7670046e+00   2.0227922e-01   9.8319970e-02   4.6894604e-01  -1.5416218e-01   1.6059823e-01   2.4806219e-01   5.4010570e-01   1.3048223e-01
  -2.8195223e-01   1.7484336e-01  -2.6458401e-02  -3.3438912e-01   8.3234376e-01  -1.5133597e-01  -3.4995103e-01   7.3005074e-01  -1.1842694e+00  -1.0853387e+00   1.4937071e+00  -1.0408267e-01  -7.4743289e-01  -3.9167488e-01  -5.9947681e-01   6.8011487e-01   2.4255747e-01   3.0876884e-01   4.4678420e-01   2.7982883e-02  -1.2558666e+00   3.8774037e-01  -4.6649143e-01   1.3229167e+00
  -5.9743303e-01   1.0535902e+00  -3.2434413e-01  -8.4307291e-02   1.7664722e+00  -3.5858348e-01   1.8753727e-01   4.9599335e-01   5.1701244e-02  -5.9790486e-01   2.6409715e-01   5.5016257e-02   3.2810500e-01  -4.4145831e-01  -8.9311171e-01  -6.2498856e-01  -1.2932798e-01   6.8288100e-01   1.8916103e+00   1.2031130e-01  -2.5081298e-01  -2.7450728e-01  -6.4637250e-01   5.7880771e-01
   1.2088268e+00   9.3362385e-01   4.7753315e-02   6.3755967e-02   1.5417835e+00   1.5283836e-01   1.0066389e-01   9.7962782e-02   5.8894324e-01  -8.8355762e-01   2.5367016e-01  -2.9435879e-02  -2.3851037e-01  -6.5804407e-02   6.4648688e-01  -8.1147647e-01  -1.9533809e-01  -3.2725673e-02   1.1940870e+00   7.1326137e-02  -1.8864167e-01  -5.5395816e-02   1.5311011e+00   1.0281382e+00
   4.2875251e-01   3.5356402e-01   4.9956995e-01  -5.4843378e-01   1.3948746e+00   6.1385930e-01   1.0691975e+00  -1.6359218e+00  -2.0029588e-01  -6.5455735e-02  -1.9873608e-02   2.7582785e-01  -1.9639295e-01   8.5435295e-01  -6.1444461e-01  -1.6440162e-01  -2.9817577e-02  -8.6824733e-01   5.8704877e-01   2.9250216e-02   1.2963550e+00  -3.4712327e-01   1.1106554e-01   8.8958561e-01
  -1.3511713e-01  -1.3573006e+00   1.6403935e+00   5.8020222e-01   3.5492760e-01   1.5133272e-01  -3.3953011e-01   1.8707229e-01   1.8967886e-01   1.7372015e-01   6.0512292e-01   4.6957293e-01  -1.7836949e+00   5.9499383e-01   2.3501676e-03   1.4173347e+00  -1.3063686e-01   9.9991471e-02   5.8744762e-02   1.0088737e-01  -7.1231082e-02  -5.9726310e-01  -4.5295101e-01  -8.8824481e-02
  -1.3704197e+00  -6.7552251e-01   4.6730322e-01  -4.4318962e-01   8.0555522e-01   1.1824954e-01  -1.8003455e-01   2.5260726e-01   5.5968291e-01  -1.2060789e+00   3.8666502e-01   2.3603183e-01  -3.3710757e-01   1.3304120e-01   2.0645341e-02   6.0651100e-01   4.3910918e-01   8.1546855e-01   1.9219685e+00   1.3459156e-01  -3.6645892e-01   3.3377606e-01   2.6077822e-01   1.0655521e+00
   1.1135920e+00  -4.2273194e-01  -2.8973743e-01  -1.3535905e-01   1.5460322e+00  -7.8224945e-01  -3.2694557e-01  -1.2113488e-01  -6.7134613e-01  -3.2523420e-01   2.4474710e-01   6.9474056e-03   1.5966772e-01  -8.7541485e-01   1.5956267e+00  -1.2583549e+00   4.4137254e-01  -1.1636454e-01   1.0844328e+00   5.7089871e-01  -1.0191692e-01   1.0961922e-01  -2.8735295e-01   4.7339130e-02
  -4.4099182e-01   9.6473360e-01   1.5893449e-01   3.3832923e-01   5.8289140e-01   8.8441029e-02   1.2760238e-01  -1.1385512e-01  -1.3648307e+00  -1.3170447e+00  -4.4486004e-01   2.1198681e-02  -2.4660140e-01   2.4188289e-01   6.4662439e-01  -3.8110226e-01  -7.5353825e-01  -2.0066804e-01   1.6698438e+00  -8.5774291e-01   3.9969572e-01   2.0663173e-01  -1.1880066e+00   3.6586204e-01
   1.0726639e+00  -1.2936065e+00  -2.7968904e-01   3.8351259e-01   4.9361804e-01  -1.7842567e-01  -1.5720616e-01   7.8657500e-02  -1.2805187e+00  -8.0194461e-01   3.7719360e-01   7.5430132e-02   9.5733672e-02   1.0487422e-01  -1.0502723e-01   4.1225135e-01   1.8604472e-01  -2.7226087e-01   1.0316672e+00  -3.4366739e-01  -6.8857783e-01  -1.2080859e-01  -1.7025963e+00  -1.1548016e+00
  -1.2326419e+00  -8.4181838e-02   6.5969288e-01   5.0338340e-01   1.6086593e+00  -1.1007938e-02  -7.8015834e-01  -5.0435299e-01   3.4935147e-01   8.4926225e-03  -1.2373918e-01  -6.2456423e-01   7.2036289e-02   1.1254950e+00  -8.0050999e-01   1.5320021e+00   1.1907072e-02   3.8847369e-01  -3.1034535e-01   4.4995007e-01  -4.2121661e-01   4.0382943e-01  -8.6870426e-01   4.1676201e-02
   1.7908731e-01  -4.6247816e-01  -3.2796481e-01  -2.1255073e-01   1.4355683e+00  -6.7081392e-01  -2.5978380e-01  -1.1329591e+00  -1.0830156e+00   5.4797649e-01   3.2805532e-01   8.0480486e-01  -3.4499529e-01  -4.1342548e-01   7.2050881e-01  -6.5134341e-01  -1.1309853e-01  -6.9355756e-01   8.8656741e-01   1.7305884e-01  -6.2891752e-02   9.9110150e-01  -1.3711517e+00  -3.1852287e-01
   1.3010183e-01   9.8843461e-01  -2.9789579e-01  -4.3990955e-01   1.8703572e+00   1.4080559e-01  -1.0375127e+00   4.7157252e-01  -3.1256640e-01  -1.5209851e-01   9.0578467e-02   4.7175950e-01   1.0895767e+00   2.2548527e-02   1.8511482e+00  -4.1909769e-01   1.1933532e-01  -3.7928256e-01   8.4855437e-02  -6.9372302e-01  -9.6600607e-02  -1.0982773e-01  -1.0524274e-01  -2.9367059e-01
   5.1128513e-01  -2.0330791e+00   7.5645506e-02  -8.1141487e-02   7.4238807e-01  -2.7493456e-01  -1.5915370e-02  -1.3931787e-02  -3.4423348e-01   9.0131068e-01   2.4944749e-02   1.1683499e-01  -8.7346286e-02   1.2333964e-02   7.5924015e-01   8.8813847e-01  -1.6550088e-01   3.3662412e-02   1.7838984e+00   3.3066300e-01   3.4924176e-02  -1.0032683e-01  -1.0117733e+00   5.4075998e-01
  -2.1601762e-01  -9.9454129e-01   3.7434241e-01  -5.6911534e-01   1.5452406e+00  -1.0575250e-01   8.9974314e-01   6.9900453e-01  -4.2816499e-01   4.4077614e-01  -9.5536463e-02   3.6554760e-01   6.5764612e-01   5.9927595e-01   9.2016011e-02  -1.1554234e+00  -9.0652454e-01   7.0622694e-01   1.6350300e+00   3.8731515e-02   6.4163022e-02  -2.6715672e-01  -2.1410049e-01   1.7591508e-01
   9.6315014e-01   2.9381466e-01   4.9052900e-01  -4.9995676e-01   9.6200240e-01  -8.3071041e-01  -2.3512836e-01  -8.4028828e-01  -1.1855354e+00   1.7511392e-01  -2.0065981e-01   7.3776078e-01  -7.1069315e-02  -1.4879209e-01   3.4190986e-01   4.2004526e-01  -5.3942627e-01  -6.9820416e-01   1.1979779e+00  -2.4783167e-01  -7.8474313e-01   7.1613312e-01  -4.6883652e-01  -1.4675764e+00
   4.2997870e-01   1.6765804e+00  -7.2906065e-01  -1.2886927e+00  -6.2471095e-02   2.2603641e-01   3.0736627e-02  -1.8769161e-01  -6.9614440e-01  -1.2933928e-01   5.3716564e-01  -2.7854657e-01  -8.1479959e-02  -5.4049206e-01  -3.2576665e-01  -6.0140926e-01   1.1660130e+00   5.3582317e-01   1.5212991e+00   2.4871281e-01  -5.4023027e-01  -4.5884955e-01  -6.3830733e-01  -3.9239243e-01
  -9.9451579e-02  -2.5035205e-01  -1.1868893e-01   5.4575521e-02   2.2879934e+00   8.5267343e-02  -4.3578260e-02  -9.8323268e-01   1.6084470e-01   3.5980937e-01   2.5760439e-01  -4.0440001e-02   4.6872154e-01   9.4942851e-03  -8.7536043e-01   1.4104882e+00   3.0928675e-02  -4.0384591e-01   9.4283742e-01   4.2628500e-01   3.2546189e-01   2.0037816e-01  -7.8457153e-01   7.1017390e-01
  -6.0271698e-01  -5.5241930e-01  -5.1543199e-02   1.9608384e-01   1.0823712e+00  -7.8186870e-01  -3.7244421e-01  -1.4944310e-01  -1.1834635e+00  -1.2322878e+00  -5.8823614e-03   6.8310380e-01  -3.4943026e-01   2.2946598e-02  -6.9629449e-01  -1.2408192e+00   7.4100018e-02  -5.1176357e-01   1.2272239e+00  -6.4004183e-01  -3.5830945e-01   3.3345759e-01  -1.1733047e+00  -1.1977518e-01
  -9.4552681e-02  -6.7727572e-01  -3.7711036e-01   9.7014092e-02   1.5539860e+00  -6.0436707e-02  -2.0347343e-01  -7.9796797e-01  -5.2853179e-01   1.2427218e+00   8.1685889e-01   7.9654329e-02  -5.1673239e-01  -4.4362348e-01   1.1240032e+00   2.5285122e-01   1.1063177e-01  -4.0977728e-01   8.0042052e-01   5.4245859e-01   6.8800986e-01   4.1569233e-01  -9.1998547e-01   1.1781318e+00
   1.0928716e-01   5.1136452e-01   5.0725028e-02  -1.6955462e-01   8.4406847e-01   5.2802318e-01  -1.8032451e-01  -2.3194283e-01  -2.0238988e+00   2.2706415e-01   8.1636918e-01   5.3623967e-02  -6.3727707e-01   3.3272740e-01  -1.4091786e+00  -1.5530536e-01   1.6812627e-01   6.7164592e-02   1.6644627e+00   1.4028098e-01  -1.9467278e-01   8.5658589e-03  -6.3012069e-01  -1.2632506e-01
  -5.8945090e-01  -7.3405862e-01   4.1831094e-01   2.4390407e-01   1.6603857e+00   1.3038582e-01  -8.0554968e-01   4.0934962e-01  -4.6433625e-01  -5.9216791e-01   6.2557065e-01   1.4571346e-01  -3.2836759e-01   9.5556498e-01   3.3878875e-01   1.5856162e+00   6.7232221e-01   5.4567045e-01   1.3693200e+00   1.2858096e-01  -5.3177603e-02  -4.7902223e-03  -1.2568764e-01  -1.2412385e-02
  -8.3539057e-01   9.0327668e-01   3.6634943e-01   2.7080819e-01   1.4668235e+00   6.2687218e-01   2.0597067e-01  -5.3668547e-01  -9.1527510e-01   3.2520872e-01   5.8361071e-01  -1.0152869e-01  -2.9445338e-01   8.6570930e-01  -2.0451210e+00  -2.4770403e-01   9.0190828e-02  -3.1760928e-01   8.0521089e-01   6.3165300e-02   1.2871647e-01  -1.9092250e-01   4.3313959e-01   1.6506113e-01
