   3.0096588e-01   4.3260843e-02  -1.8728778e-02   8.9091454e-03   2.0959685e+00  -2.6161104e-01   3.5867833e-03   4.6702951e-01   4.1230237e-01  -2.4310389e-01   2.8659787e-03   6.5596586e-01  -1.1090620e-01   4.3203786e-01   1.9739867e+00   2.3208112e-01   1.3242598e-01  -2.0905336e-02  -7.0964016e-02  -6.2898308e-01
   8.4297910e-02   1.3350461e-01  -4.2744108e-02  -3.2882389e-02   1.1873066e+00  -7.3708677e-01   3.1144851e-01  -4.2200842e-01   1.5594079e+00   3.3704230e-01   4.9935889e-01  -4.8667809e-01  -3.9326251e-01  -2.5658321e-01   1.4617563e+00   2.1103337e-01  -2.3207822e-01  -4.4986144e-01   1.2365135e+00   7.2494954e-01
  -1.5965548e-01   1.3663395e-01   1.7508227e-01   1.6743886e-01  -6.1522122e-02   8.0421615e-01   1.9138078e-01  -2.8756383e-01   4.9418807e-01  -1.8071052e+00  -9.2852497e-01   2.7499229e-01   3.7365806e-01  -3.8492852e-01   1.1689639e+00   3.3914596e-01   3.3834970e-01  -6.2703389e-01   1.5316359e+00  -2.3834068e-01
   9.9262014e-02  -6.6222884e-02  -2.2358905e-01  -2.9476281e-02   6.1208189e-01  -1.1942241e-01  -3.4505668e-01  -2.8170681e-01   9.8417550e-01  -1.3847785e+00  -1.1688318e+00  -9.9821620e-02  -2.4231732e-01   4.9217544e-02  -1.7002691e-01  -1.8280932e-01   1.2833909e+00   4.9096663e-02   1.0793045e+00   1.4653864e+00
   1.3202018e+00   9.7707587e-01   1.2399796e-01  -3.8883634e-02   1.1376190e+00  -6.4605221e-02   1.5130133e-02  -4.9139623e-02   5.7999599e-01   6.4466232e-01  -8.2858664e-01   3.5268000e-01  -2.4655247e-01  -4.0741444e-01   1.6157690e+00  -3.9137849e-01   2.2205638e-04   1.5899631e-01  -5.0938410e-01  -1.0705935e+00
   7.4483931e-01   1.0590514e+00   2.5686628e-01  -6.1878480e-02   1.5815345e+00  -1.7578986e-01   1.7195553e-02  -3.5294747e-01  -6.7424154e-01   1.0226023e-01  -5.0079668e-01  -6.4951986e-01   1.6352350e-02  -5.3485096e-01   1.9342647e+00   4.0463731e-01   1.9463634e-01   4.6858545e-02  -1.3500570e-01   4.5750704e-01
   5.1858926e-01  -6.6090459e-01   2.1084264e-01   2.5284307e-02   1.8882203e+00  -5.4338771e-01   3.0869630e-01   4.1448942e-01   2.9542634e-01   4.0280995e-01  -3.6935648e-01   4.1563535e-01  -1.7248034e-01   1.0943409e-01   7.7639741e-01   1.4953375e-01   1.4797497e-01   3.4708741e-01   9.9629056e-01  -1.6615914e+00
  -1.9517110e-01   9.6401763e-01   5.8980745e-01   7.9121932e-02   1.6172643e+00  -4.3632916e-01  -3.8141128e-01  -9.3829668e-01  -1.4163642e-01   2.4931040e-01  -4.5908299e-01  -7.1188676e-01  -4.5098472e-02  -9.6634126e-01   1.5046542e+00  -2.4571924e-01  -3.3256674e-01  -3.1302577e-01   4.1260698e-01  -6.3862795e-01
   1.4111553e+00  -1.2656609e+00   5.5351943e-01  -4.6463764e-01   3.4992337e-01   2.3050544e-01   1.2093612e-01   1.3265760e-01   2.3694789e-01  -4.8235121e-01  -2.5600529e-01   7.1235850e-02  -9.2016464e-01  -6.1982353e-03   1.9297636e+00   5.3890771e-01   2.8643200e-01  -1.1650376e-01  -5.8650512e-01   1.2842795e-01
   5.6237362e-02   1.3245308e-01   1.6791722e-01  -7.0354156e-02   1.4025881e+00  -1.4997192e-01  -3.1613213e-01  -1.4251525e+00  -3.3114737e-01  -5.9655899e-01  -5.8929664e-01   2.0796265e-01   3.6786941e-01  -3.1958103e-01   3.4803391e-01   1.6703224e-01   1.3720467e+00  -6.3563818e-01   8.3242476e-01   1.2662454e+00
  -3.8598549e-02  -1.0747998e+00   3.1545693e-01  -1.4903104e-01   1.6893674e+00  -5.1409066e-01   3.7194985e-01   4.0279263e-01  -3.5265303e-01  -1.3162801e-01  -4.9340701e-01  -8.4350258e-02  -2.5587004e-01   6.7826819e-01   1.9468137e+00   4.0766217e-02  -1.2268890e-01   2.0689224e-01   7.2845882e-01   6.8738304e-02
  -1.1244754e-01  -1.0365371e+00   1.5246529e-02   1.1139578e-01   1.6950313e+00  -5.1788545e-01  -3.3424178e-01   9.0244822e-02   5.9457445e-01  -6.1832941e-01  -8.6701494e-01  -6.6691510e-02   7.8244336e-02   5.9411336e-02   1.4303082e+00  -3.6813769e-01   4.7337469e-02   1.5449134e-01   4.6296813e-02   1.3884827e+00
   1.6471564e+00   8.6187863e-01   1.3084663e-01   5.8953524e-01   6.8715525e-01   1.1311011e-01   1.5913492e-01   1.3744286e-01  -6.4959347e-01  -3.7944198e-01  -4.6308225e-01  -2.1700406e-02  -8.1447050e-02   3.9267954e-01   1.0784514e+00  -3.2082055e-02   5.6251880e-02  -5.7369184e-01  -1.6812167e+00   6.2098342e-01
  -7.0444673e-01   1.3936458e+00   5.0537759e-01   1.3834026e+00   3.2934549e-01  -1.9671734e-01  -4.9590562e-02  -3.7214121e-01  -8.9852494e-01   1.1441039e+00  -1.5721889e-01  -1.4571799e+00  -1.9859898e-01  -4.9862736e-01   6.0731477e-01   3.9096203e-01   5.6322876e-02  -8.2316346e-02  -1.3831344e-01  -3.0643092e-02
   4.8535228e-01  -1.7608974e+00   4.8074728e-01  -2.4047042e-01   6.9115722e-01   5.8520859e-01   8.9580916e-02   2.7508762e-01  -5.6726646e-01  -2.0445125e-01  -7.7227449e-01   7.9638526e-02   3.2452145e-01   4.1073372e-04   4.1746318e-01  -8.0046552e-01   2.9987040e-01  -5.3355247e-01  -1.7396863e+00  -4.2787734e-01
  -1.5593047e+00   1.5921962e-01  -4.5178644e-02  -9.4117634e-02   1.5092313e+00  -6.7020208e-02   8.4774099e-02   1.4105249e-02  -3.2639304e-01  -3.6613271e-01  -1.2721081e+00   7.1640819e-01  -8.1498824e-02   9.8846696e-02   1.6727836e+00   4.3720063e-02   2.7505443e-02   5.6492265e-02   1.9168597e-01   1.1556295e-01
   1.7388281e+00  -4.1849130e-01  -5.6142922e-02   1.1755823e-01   1.2987142e+00   4.9839534e-02   2.1432510e-02   1.5386635e-02   2.2728109e-01  -1.3340195e-01   1.0647770e+00  -1.0374012e+00   7.2542094e-02   1.1334740e-01   1.6068741e+00   4.1921067e-01  -6.1318837e-02  -1.4448647e-01   9.4247527e-02  -7.5599127e-02
   9.1621321e-01   1.3090185e+00  -1.2526600e-01   3.4759924e-01   1.1564142e+00  -4.0860519e-01   9.2253119e-02   3.2294953e-01   6.0360156e-02  -9.1383892e-01   1.1374748e+00   1.8790808e-01  -1.1207357e-01  -2.3416357e-01   8.4547591e-01   7.2014076e-01   6.0684588e-02  -1.8152307e-01  -6.1162257e-01   1.3468494e+00
   6.2254316e-01  -1.3473574e+00  -8.5732430e-01  -6.2427282e-01   1.0665456e+00  -1.8435957e-01   2.1026561e-01  -6.5139616e-01   1.0356889e+00  -1.9514035e-01   6.3489211e-01   1.4501201e+00  -5.4964054e-02  -5.8606738e-01   8.2495552e-01  -9.7034112e-02  -3.4505454e-01   2.2196798e-01   2.8931294e-03  -4.5917115e-01
   1.2588938e-01   1.5040458e+00  -8.2082111e-01  -1.1820942e-02   4.8942295e-01  -9.1197175e-01   3.8179579e-01   4.2498651e-01   3.6828855e-01  -6.2947661e-01  -2.9069611e-01   7.0012796e-01  -1.8847892e-01  -3.2548040e-01  -1.3242418e-01   4.7972095e-01  -9.8628026e-01  -6.8434142e-02   6.4000988e-01   1.6636609e+00
   3.9925188e-01   6.1091989e-01  -3.9273998e-01  -7.2247550e-02   1.5729241e+00   4.0816125e-02  -6.3834578e-01   5.4397607e-01  -2.3107072e-03   1.0638549e+00   2.4773915e-01  -9.9280828e-01   5.2047595e-02   5.9657264e-01   9.6444255e-01  -1.4711370e-02   1.1470937e-01  -6.9861221e-01  -1.1934350e+00  -8.5758072e-01
  -6.3239700e-01   1.6040741e+00   6.2969439e-03   2.4956508e-01   1.1627015e+00  -2.7675536e-02   1.1773288e-01  -1.5299034e-01  -7.0059478e-01  -1.0744826e-01   8.9717543e-01   3.1352532e-01  -3.8862801e-01  -5.1800035e-02   1.8666271e+00   5.6930367e-02   6.4189836e-02   1.1902150e-01  -6.8385547e-01  -2.0492004e-01
  -8.6877018e-01  -6.4933485e-01   2.2874136e-02  -3.3916143e-01   1.8572240e+00  -2.4271470e-01   4.4990379e-01   3.9192903e-01   1.1457122e-01   1.3844429e-01   6.2505817e-01  -9.0748772e-02  -3.4149653e-01   2.6254213e-01   1.6003891e+00   4.0104011e-01   1.3411482e-01   2.8210428e-01   3.7893111e-01  -1.1241993e+00
  -3.9944765e-01   2.1344421e+00  -1.7441511e-01   5.3295678e-01   3.1243220e-01   2.7551347e-01   7.6535858e-02   7.1207330e-02   3.9762527e-02   9.0375960e-02   4.9323601e-01   4.6487817e-01  -2.4681321e-01  -1.1446768e-01   1.8670418e+00   2.7017495e-01  -1.5791808e-01   4.8694115e-02   7.9152644e-01  -1.7280236e-01
   1.1418222e+00   2.1613177e-02   6.6613443e-03   1.4631770e-02   1.8623483e+00  -7.2802752e-02  -5.7852272e-02  -1.2995191e-01  -3.6388326e-01  -2.9701111e-01   4.3240047e-01   1.3065573e+00  -1.3733110e-02   5.4421243e-03   1.5992234e+00  -2.8748086e-01   1.5514660e-02   3.2379113e-02   2.9593699e-02   6.6663945e-01
  -5.7263839e-01   3.5748067e-01  -1.4626065e-01   1.5595697e-01   1.7254618e+00  -3.9672387e-01   5.8477241e-01  -1.8506715e-01   5.2360535e-01  -8.1759262e-01   6.2059522e-01  -1.7466475e-01  -4.6382073e-01  -1.0686719e-01   1.4206243e+00  -2.7490911e-01   3.0129379e-01  -3.8695720e-01  -7.9653120e-01   1.1975892e+00
  -1.5312209e+00  -8.8213676e-01  -2.7410558e-01  -5.6679845e-02   1.1018326e+00  -2.4821921e-01   2.3131451e-01  -8.0701165e-02  -5.1098719e-02  -7.3126096e-01   1.6919632e+00   8.0945271e-01  -1.0471478e-01  -1.8361384e-01   1.0038382e+00   4.9660251e-01  -1.0590176e-01  -9.1116600e-02  -1.1729647e-02   2.9872948e-01
  -2.0295963e+00   2.1217141e-01   2.4604906e-01   1.5176283e-01  -1.5746996e-01  -3.4541821e-01  -7.1682944e-03   2.3344971e-02   1.8500264e-01  -6.7567587e-01  -2.4412337e-01   5.9144861e-01  -1.6222697e-01  -2.2068092e-01   1.2428492e+00   1.8880382e-01   1.2591039e-01  -3.3162579e-01   8.0549252e-01   1.5090674e+00
  -1.2456319e-01  -4.0467182e-01  -5.5367690e-02  -1.9364109e-02   1.4080825e+00  -3.6912814e-01  -2.0638686e-01   1.2758856e-01  -8.8399190e-01   1.3275217e+00   1.9566010e-01  -3.2894108e-01  -8.5711710e-02   6.2661096e-02  -2.9528648e-02   7.2683841e-01  -3.2698575e-01  -1.9956262e-01  -2.0141943e+00  -4.5282999e-01
  -3.0350858e-01  -4.7275037e-01   1.5201649e-01   1.6084747e-01   1.4451220e+00  -4.5353439e-01  -2.5277179e-01   3.8095930e-01  -1.0354820e+00  -9.5252907e-01   2.4853851e-01  -6.8549621e-01   3.9962098e-01   3.2889602e-01   1.7245950e+00   1.9881169e-01  -8.7764926e-02  -3.6771187e-01  -1.0629221e+00  -2.5838217e-01
  -7.7813232e-01   2.0118143e-01  -1.0630417e-01   1.6567823e-01   1.7288665e+00  -9.9759817e-02   4.3420845e-01  -2.4858713e-01  -1.4539966e-02   1.0151047e+00  -1.4398700e-01   8.8861191e-01   1.6508754e-01  -3.5792407e-01   1.1153848e+00   2.1467662e-01  -2.3492453e-01   3.3749631e-01  -1.0279540e+00  -1.2464732e+00
  -3.8185278e-01   4.8799027e-02   4.1327562e-02  -1.8614471e-02   2.1282909e+00  -8.2413830e-02  -2.7666059e-01  -1.5527870e-01  -4.8658416e-01   6.6099912e-02   5.7246506e-01  -9.4286418e-03   2.2351822e-01  -1.2982175e-01   1.9971559e+00   2.4185626e-01   2.8088896e-02   8.1582181e-02   1.4084700e-01   7.0888948e-01
