   2.9859382e-01  -3.7464973e-01  -2.4094689e+00  -7.7190083e-01  -1.0362674e-01  -7.8266583e-02  -8.7679185e-02   6.2762743e-01   6.1256535e-02  -1.5841150e-01  -8.5383052e-01   3.9722463e-01   3.7873957e-02  -1.1050501e-01  -1.0006431e-01   1.6050696e-01  -4.0180767e-01  -6.0674947e-02  -8.7425143e-02   3.9418232e-02   2.0293851e+00   4.6307248e-01   1.5252189e-01   3.7941268e-01   9.1308719e-01  -1.0773457e+00   2.5811315e-01  -1.3210301e-02   2.7587819e-01  -1.0689440e+00   1.2624711e-01  -1.2363499e-01
   3.0062497e-02  -5.0340527e-01   1.4996167e-01  -6.8447268e-01  -1.1073250e+00   8.4099293e-01  -1.7075139e+00   9.9478686e-01  -4.4922492e-01   4.8816863e-01  -7.1534175e-01   5.8661109e-01   4.9615428e-02   3.1551963e-01   3.7346382e-03   4.6763584e-01   2.3812331e-02  -7.0975131e-01   1.3760795e-02   5.3406841e-01   6.4319676e-01   9.8339790e-01  -4.1666171e-01  -6.5289354e-01   1.5640588e+00  -5.3676993e-01  -1.1108682e+00   3.3089989e-01  -7.9502815e-01   1.3622254e-01   5.2683687e-01  -1.5134488e-01
   8.8903375e-02   4.1759446e-01  -5.3395063e-01   4.6223950e-01  -3.2778960e-01   3.1699267e-01  -7.3747909e-01  -1.4461663e-01   6.8096662e-01   1.0122720e+00  -7.1511656e-01   2.0291672e+00  -2.5710067e-01   4.2093378e-02  -1.9202232e-01  -3.6243325e-01   4.6007130e-01   4.0907469e-01   1.2368649e-01  -2.8936490e-01   8.1409127e-02   2.0997519e+00   1.0393572e+00  -7.3593253e-01   4.6907476e-01   2.2017542e-01  -1.0617430e-01  -3.1192499e-01  -3.3742589e-01   9.3623728e-01   5.2240402e-01  -1.9218564e-01
   9.2346233e-01   3.4639210e-01  -2.5285381e-01  -1.4783071e-01  -9.2123908e-01  -9.5124644e-01   3.1047568e-01   3.5330176e-01   1.5535384e+00   8.8630611e-01  -5.9197336e-01  -2.9227039e-01   7.5655550e-01  -5.6921715e-01  -2.5713775e-01   2.5571185e-01   4.0198812e-01   3.1539163e-01   4.2866692e-01   1.2179389e+00   5.4220885e-01  -6.4410359e-01   1.8797019e+00  -7.8698629e-01  -1.0362858e-01  -3.6700672e-01  -8.4300049e-02  -1.0076523e+00   1.1124183e-01   2.2481015e-01   7.2348282e-02   5.2741855e-01
  -2.3763936e-02  -7.3768862e-02   2.1917184e-01  -8.9633420e-02  -1.1392349e-01  -3.7646566e-02  -3.7710264e-02  -3.2682967e-01   6.5123074e-02   5.1661152e-01  -1.4717910e+00   1.3032650e+00   3.0652681e-01   2.7441144e-01  -8.4773421e-02   1.6200815e+00   1.0882823e-01   4.6800841e-02  -6.6882777e-01  -6.8824723e-02  -3.9552203e-01   4.1748333e-01   1.7870629e-01  -2.9750871e-02   1.8354751e-02   1.1038779e+00   2.6116151e-01  -3.1675333e-01  -9.5707685e-01   2.2493477e+00   6.9847858e-01  -4.4482845e-01
   9.4653761e-01   2.5327629e-01  -7.0525897e-01  -1.4821821e+00  -9.2651330e-02  -1.7974660e-01   3.1600779e-01   2.6778162e-01   1.6598895e-01  -1.0430127e-01  -2.0065594e-01   7.7273315e-01   1.1287881e-01   1.2730610e+00  -1.4455481e+00   2.5838926e-01   2.3538637e-01   1.4923540e+00   2.9570907e-01   3.6383545e-01   1.0292137e+00   1.4780250e-01   4.8537496e-02  -5.9287101e-01   9.4427174e-01  -5.5257112e-02  -2.7394980e-01  -8.2041925e-01   7.1383983e-01   7.4782610e-01   5.6178188e-01  -8.3846146e-01
   1.6444007e+00  -7.6633507e-01   1.4954303e-01  -7.6344430e-01   1.3289411e+00  -4.0727165e-01   1.5889502e-01  -5.3244263e-01   3.8836023e-01  -6.0352755e-01  -1.1696861e-01  -2.0314534e-01   5.4057091e-01   9.1866031e-02   4.8199292e-02  -1.6680297e-01   5.8621216e-01  -4.7369350e-02  -9.6569413e-01   3.9095312e-01   5.4691637e-01  -3.4201515e-01  -7.7649355e-01   9.5963627e-01  -9.5167017e-01  -4.9130890e-01   2.0451462e+00   1.5738216e-01   7.5558648e-02   2.1505046e-01  -3.3253473e-01  -2.7152717e-01
  -2.8023076e-01   1.4889894e-01  -2.5923565e-01  -3.6661530e-01  -2.3726393e-01  -4.3902415e-01   6.2949497e-01  -2.7037778e-01   3.7804598e-01  -1.1765898e+00   1.5382090e+00   5.8499491e-01   5.2119428e-01   7.5499421e-01  -9.5465177e-01   6.4686555e-01  -2.3738365e-01   6.9907838e-01   5.6305133e-02   5.0154191e-01   6.3718840e-02   9.6235287e-01   6.4900291e-01   3.3366445e-01  -1.0819099e+00  -1.4093095e+00  -1.3983524e+00   2.9960471e-01   7.7947724e-01   2.0447437e-01   4.0070575e-01  -5.4584950e-01
   1.2043178e+00  -2.8777793e-01   9.7486371e-01  -9.1696918e-01  -3.3611101e-01   1.3541742e-01  -1.0117986e-01  -4.1232463e-02   1.3342967e+00   1.2506449e-01   5.8486074e-01   9.5987983e-02   5.6224704e-01   1.0362589e+00  -9.3853170e-01   3.6953487e-02  -1.2209510e+00   1.7244740e-01   1.1213435e+00  -7.2002620e-02  -3.5053819e-01   2.2268727e-01   5.7328629e-01   7.0238912e-01   3.8689482e-01  -4.7096401e-01  -3.1121573e-01  -8.1660497e-01   9.4862914e-01   4.3038705e-01   1.3091511e+00  -6.3341022e-01
   2.3818803e+00  -7.4501532e-01  -1.3445109e+00   3.8510996e-01  -4.0908061e-02   6.7028970e-01   1.2897484e-02  -3.5570818e-01  -9.3612626e-02   1.7867477e-01   4.4109415e-02  -1.1496027e-01  -8.0218002e-02   2.1780796e-01   1.6194005e-01  -1.3974474e-01  -1.5496473e-01  -4.2079893e-01  -3.9843780e-01  -7.5310755e-01   5.6670594e-01   1.1688410e-01   1.2687256e+00   2.4466299e-01  -5.8356094e-01   5.4822165e-01  -1.3577181e+00   1.1479138e+00   1.8115072e-01  -1.2753144e-01   4.8842871e-01  -2.4749961e-01
   1.8907386e-01  -6.8442039e-02   4.9067508e-02  -5.1611129e-02   4.5547354e-01   5.1112771e-01   1.2616548e-01   2.7724385e-01   3.5590029e-01   7.4555904e-01   1.0209564e-01   2.8664705e-01   2.4342594e+00   3.0013734e-01   8.0175859e-01   3.1510070e-01  -4.5314732e-01   1.4303710e-01  -8.4996484e-02   6.1822210e-02  -3.9820600e-01   4.7273579e-01   1.9925351e+00  -5.4575181e-01   3.9424148e-01   1.2907410e-02  -1.2647547e+00  -8.8443881e-01  -5.3815026e-02   1.6216238e-01   4.1065609e-01  -4.8773980e-01
   8.1152129e-01  -5.5622272e-02   2.3445141e-01  -3.6644027e-01  -1.1587559e+00   1.1209987e+00   8.2393952e-02   8.5966033e-01   1.0933679e+00   1.2960750e+00   8.6834598e-01   2.9879970e-02   6.3763082e-01  -1.8038189e-01  -1.7112218e-01   2.4858354e-01  -1.1149616e+00   1.4641073e-01   1.1755182e+00  -1.9614407e+00   2.0190574e-01  -2.2847021e-01   1.8425426e-01   6.8280774e-01  -2.3385516e-01   6.9893308e-02   6.4163141e-02  -6.6839361e-01   8.0626808e-02   3.1591073e-02  -9.2271872e-02   1.7408346e-01
   7.8453254e-03  -3.1687745e-01  -1.7948674e-01  -4.9158210e-01  -7.0185846e-01   1.1138098e+00  -5.1261419e-01   2.2240436e+00   4.9422443e-01  -1.2269628e-01   6.7077386e-01  -3.6316666e-01  -4.4245854e-01  -9.0356998e-02  -6.4530689e-01   1.8174011e-02  -5.3314220e-02  -2.4275443e-01   1.3959238e-01   9.0580471e-02  -2.0066085e-01  -2.3988438e-01   1.7452435e-01  -3.4162465e-02  -1.2140476e+00  -2.2363466e-01   4.0357956e-01  -4.9521515e-01  -1.3316152e+00   1.4987990e+00  -2.6958591e-01  -9.8909068e-01
  -3.5201854e-01  -6.8667275e-01  -1.9512595e-01   5.1945902e-02  -1.7391132e+00  -1.1438981e+00  -3.3747309e-01   4.0369251e-01   1.4118973e+00   3.9558953e-01   9.1454603e-02  -3.8623700e-01  -5.0741947e-01   7.5767112e-01   2.6926610e-01   1.4980751e-01   3.4248366e-03   4.5608629e-02  -4.1452717e-02  -3.2362908e-01   8.3524778e-02   2.5578238e-02  -9.4462752e-01  -1.4114715e-01   1.3820666e-01  -1.2510481e-01  -5.7888222e-01   1.5162694e+00  -7.8974575e-02   1.9836450e-01  -8.7119240e-01  -1.7372483e+00
  -6.9998324e-02  -3.8136727e-01  -4.1765669e-01  -6.0846927e-03   3.8726157e-01   6.7878795e-01   9.0881974e-01  -1.3686043e-01   7.9745287e-01   1.2006907e+00   1.6805863e+00  -4.5916000e-01   1.6624641e-01  -6.9782722e-01  -6.3054895e-01  -5.8074737e-01  -6.1662056e-02   8.1573820e-01  -6.7410702e-01  -1.5744212e-01   1.3607846e+00  -1.2512497e+00   7.6952177e-01   1.3451331e+00   3.6887234e-01   3.6569816e-01  -3.9604795e-01   1.5153681e-01   5.3065938e-01   9.3551092e-02  -2.0644441e-01   3.2801077e-01
   7.4876338e-01  -1.1869023e+00  -3.6506149e-01  -1.3816924e+00  -2.9190993e-01  -1.6635220e-01  -4.5936728e-01   7.5966477e-02   4.9442393e-01   2.0367157e-01   9.2963153e-01  -5.1866513e-01   7.6309669e-01  -5.8760062e-02  -1.5055163e+00  -2.5164925e-02  -6.4968109e-01   1.1100549e+00  -7.9680294e-01  -6.7784971e-01   1.0383395e+00   1.6810289e-01  -7.8385063e-02  -1.6486335e-01  -6.0844153e-01   1.3388865e-01  -4.5645151e-01   4.1706595e-01   1.2408764e+00   5.9783697e-01   9.0415263e-01  -1.1376552e-01
  -4.6741891e-01   1.3952248e-01  -5.9549588e-01  -6.3377148e-01  -1.1339691e+00   9.4735628e-01  -1.9845351e+00  -9.3913579e-01  -6.2323511e-02  -8.9938685e-02  -3.3458538e-02  -1.3810796e-01  -2.6024991e-01  -8.1297618e-01  -5.2607399e-01   4.6084097e-01   2.0342889e+00  -5.4333431e-01  -7.5721025e-01  -1.0790224e+00   4.8937261e-01  -4.7739118e-02  -1.6205885e-01  -2.5543651e-01   2.9233530e-01   1.7574669e-01   6.3511799e-03  -2.3684710e-01   1.1544264e-01   1.8184295e-01  -4.8525459e-03  -1.6944954e-01
  -1.0705440e-01   1.2329786e-01  -1.8115926e-01  -1.8038630e-01   1.3362503e-01   2.5852975e-01  -3.5866362e-01   1.2302691e-01   4.5690915e-01  -1.0354382e-01   2.6089253e-02   4.5236635e-01  -1.6497629e+00  -3.2641026e-01   6.9426745e-01  -1.4605372e+00   1.2486856e+00  -1.8437636e-01  -5.4259300e-02   1.0881444e+00  -6.5164000e-01  -3.0983245e-01  -6.4737248e-01   2.6084289e-01  -6.4960343e-01  -9.3324655e-01  -1.2045608e+00  -1.3675737e-01   7.6889145e-01   9.1811067e-01   1.3483173e+00  -9.2813671e-02
   1.6908442e-03  -9.5221698e-02  -1.1696246e-01  -5.0108604e-02   1.0799539e-01   7.8724690e-02   2.0191374e-01  -1.9137107e-02  -6.2653440e-01   2.1308239e-01  -8.1261104e-01   7.4774998e-01  -6.4672314e-02  -1.0815418e+00  -7.7024859e-01  -1.6584979e+00  -3.4652227e-01   5.7474053e-01  -2.1442361e-01   1.0970318e+00   8.2941830e-01  -2.1580443e-01  -5.0912928e-02   4.5923686e-01  -1.2639990e-01   6.4979351e-01  -2.1764751e-01  -4.1993928e-01   1.3263510e+00   1.7259427e+00  -1.2660952e+00  -2.9940927e-01
  -6.1484311e-02  -1.6482352e-01   9.0411725e-03  -1.1364403e-01   3.1850913e-01  -1.4136720e-01   1.7031388e-01  -1.4184831e-01   8.9587003e-01   5.4728562e-01   6.2828058e-01   1.6499424e-01   5.1854223e-01   1.8407648e+00   6.6428947e-01   1.1217651e+00  -6.1065054e-01   6.1853057e-01  -3.1614304e-01   3.2404384e-01   5.1234597e-01   6.2315184e-01  -7.7261144e-01  -9.5932108e-01   6.1112595e-01  -6.7855346e-01  -9.3779469e-01   1.1406244e+00  -6.7078334e-01  -6.3092285e-01   1.1676852e+00   7.4170798e-01
   6.2099242e-01   1.3132352e-01  -3.3320284e-01  -4.6488881e-01   4.9931252e-01  -3.9783722e-01  -5.8124614e-01   4.7657866e-02  -1.5815264e+00  -6.2940323e-01   6.8215835e-01   1.1329570e+00   2.9045895e-01  -1.0432856e+00  -6.4471787e-01   5.4105967e-01   6.2797093e-01  -1.9964494e-01   7.0699644e-01   3.3866978e-01   5.2065969e-01   6.8739724e-01   2.0357400e-01   9.5749837e-01   1.2347585e+00   4.4276235e-01   1.0156046e+00   1.3163152e+00   3.5186759e-01  -3.1155175e-01   7.3326874e-01  -2.8122161e-02
   7.9612327e-01   4.9744177e-01   1.2487041e+00  -4.1933390e-01  -1.2028017e+00  -1.0206011e-02  -9.7722924e-01   1.3581613e+00  -7.0528448e-01   2.0513748e-01  -3.0050346e-01   9.0365630e-01  -3.3491544e-02  -2.9723737e-01  -2.4353695e-01  -1.7667834e-01   2.6671642e-01   9.4856642e-02  -2.9486808e-01  -1.1044084e-01   5.8654314e-01   4.4420731e-01  -4.6856895e-01  -1.0627666e-01   4.5009878e-01   5.9568632e-01  -4.8520526e-01  -1.8623856e-01  -1.7999636e+00   7.9002261e-01   6.7702335e-01  -1.1871946e+00
   1.0059047e-04  -1.1143270e-02  -3.6567652e-01  -7.9196417e-01   4.5473263e-02  -4.2053476e-02   4.0023991e-01  -1.3408959e+00  -1.1208486e-01   8.4618203e-02  -1.1485012e+00   1.8334712e+00  -1.6501646e-01  -6.5428555e-02  -4.7995347e-01   5.9544832e-01   8.7822521e-01   1.8682690e+00  -6.6276811e-02  -5.0988920e-02   1.6909306e+00  -1.7265844e-01  -6.9777749e-02  -2.6840970e-02  -7.0859575e-01   5.2689052e-01   2.6497772e-02  -1.2650613e-02  -3.4288444e-02   1.1464033e-01  -7.3185074e-03  -4.2375214e-02
   3.6273727e-01  -7.0942700e-02  -2.3303467e-01  -1.4089210e-01  -6.5360153e-01  -5.6486809e-01   2.9071206e-01   5.7332802e-01   1.9013586e+00  -5.4397845e-01  -1.1385047e+00  -1.4368482e-01   8.9296603e-01   3.3897617e-01  -3.5873789e-01  -3.8559920e-01   3.4577116e-01  -2.4051908e-01   5.9764987e-01  -9.4861038e-02   1.1002728e+00   7.1149957e-01   1.0529484e+00   1.8745605e+00  -1.1607915e-01   4.8210919e-01  -6.6485173e-01   3.7533137e-01   2.3212819e-01  -3.1578761e-01   5.8780724e-01  -3.3576757e-02
  -3.6147994e-01   2.3468107e-01   3.4090105e-01  -2.4713239e-01   1.4173067e+00  -9.5789486e-01  -1.2123698e+00   9.8315221e-01   5.3576875e-01   7.5011837e-01  -5.5042058e-01  -5.1803732e-01  -5.1688397e-01  -6.4202130e-01   4.0525791e-01   4.5044270e-01  -5.8855796e-01  -3.7701911e-01  -7.7253252e-01  -3.2255220e-01   3.1590351e-01   3.9637437e-01   5.2237242e-01   3.3047193e-01   9.8423553e-01   1.1089182e+00   1.3527381e+00   9.6853131e-01   5.5958086e-01   3.1913707e-01   7.4389094e-01   2.0872946e-01
   2.4193278e-01  -3.2035053e-01   2.3637828e-01  -3.8251135e-02  -1.2246924e-01   3.4554812e-01  -1.8238167e-01   1.1669143e-01   9.9838692e-01   4.5856610e-01   3.4577799e-01   7.2704428e-01  -1.5959556e+00  -6.7859834e-01  -8.3675051e-01  -1.3614802e+00  -3.6333951e-01   3.8653862e-01  -4.5984471e-01   8.2131483e-02   9.8219419e-01  -3.7097096e-01  -1.1959937e+00  -5.3562802e-01   1.0514838e+00  -9.6297836e-01  -1.6254923e+00   1.1211699e-01   2.2041908e-01   1.5662013e-01   9.0758419e-03  -3.2166269e-01
   1.9225706e+00   1.9302854e-01  -1.6885693e-01  -3.5443991e-01   1.0852412e+00   1.1151830e+00   1.1660004e-01  -1.9475102e-01  -3.4318817e-01   1.1050224e+00   1.0863099e-01  -2.8924959e-02  -3.6550894e-01  -2.9689180e-02  -2.4563679e-01   1.3042581e-01  -3.3697382e-01   3.7475452e-01  -2.1336753e+00   5.0921105e-02   2.7851668e-01  -1.4948955e-01   1.5672433e+00   4.5348331e-01  -8.2972474e-02  -8.3627619e-02  -3.3652186e-02  -6.9319516e-01   2.4211649e-03   6.2875234e-02  -7.4921977e-03  -7.4707195e-02
  -1.1766359e-02  -1.8781734e-01  -2.3325425e-01   1.8972410e-01  -4.3484878e-02   1.7603561e-01   2.8678757e-01  -1.6460447e-01  -3.0288923e-01  -6.0922498e-01  -2.4090458e-01   1.1808530e+00  -4.6077964e-01  -1.0784160e+00  -4.0214416e-01   1.8369567e+00   1.4852658e-03   2.9628521e-01   5.9982806e-01  -5.5266774e-01  -3.9487630e-01  -9.0593696e-02  -1.2154987e-01  -1.2290982e-01  -2.0526917e+00  -1.1737939e+00  -9.7904527e-01  -1.0379326e+00   2.3867874e-01   4.3964386e-01  -4.2759094e-02   2.8088620e-01
  -1.9368243e+00  -2.5639603e-01  -9.9612945e-01  -1.1978269e+00  -8.2634038e-01   2.9003778e-01  -5.6713474e-01  -3.3495983e-01   2.1357308e-01  -1.7141970e-01   1.4414626e-01   8.5465856e-02   7.7665374e-02   8.5058071e-02   3.1532001e-01   2.8335544e-01   5.1202422e-01  -1.8356368e-01  -6.2187862e-01  -7.5970925e-03   1.1505355e+00  -1.0034511e+00  -1.7273166e+00   6.1788893e-01   7.5070870e-01  -2.1235098e-01  -9.7094101e-01  -2.1847232e-01   1.8683919e-01   2.4014832e-01  -5.8388438e-02  -4.3038523e-01
   1.4537517e+00  -6.7679363e-01   2.1770822e-01   9.3280315e-01  -1.9612768e-01   1.3371216e+00  -7.6394874e-01  -2.0470351e-01  -5.6581956e-01  -1.0120833e+00   6.9598311e-01  -2.8516886e-01   8.2552303e-03   1.1013430e-03   1.3325282e-02   9.2242740e-02  -3.6433142e-01  -3.5112616e-01  -9.3600565e-01   7.1516983e-02   2.0159961e-01  -1.7275515e-01   4.6664659e-02  -4.5066944e-01   1.0521474e+00  -6.4934880e-01  -5.0131185e-03  -1.9688838e+00   4.2970827e-01   4.6672472e-01   9.4047564e-01  -1.8717676e-01
   1.1014161e+00  -4.0015376e-01  -1.1710802e+00  -5.3460646e-01   3.0883574e-01  -4.1445395e-01  -6.1686438e-01   2.1371056e-01  -7.0230830e-01  -3.2113200e-01   4.7080263e-01   7.6555115e-01  -3.9061180e-01   3.9525804e-01  -1.3001882e+00  -1.5011300e-01  -1.4715606e+00   9.5869499e-01  -1.2258517e+00   1.9786163e-01   5.8582664e-01  -4.2598006e-01  -2.4342965e-01  -2.9078802e-01  -3.7994903e-01   4.6281365e-01   4.5378357e-01  -7.7727839e-02  -1.0173761e+00   6.7200255e-01   1.1425916e+00   4.3894517e-01
   7.7675261e-02   3.9050069e-02  -4.2461403e-02  -5.5186845e-02  -7.0082135e-02  -9.0463644e-01   7.7603585e-01  -3.7695590e-01   1.2291657e-01   2.5224909e-01  -1.0417544e-01   1.7565165e-01  -1.0896997e+00   1.5408046e+00  -1.5971054e+00  -5.8701742e-03  -2.2227043e-01   3.1004056e-01   2.2169520e-01   3.9220265e-01   7.6294613e-01  -1.5703236e+00  -1.9580203e+00  -4.1065669e-01   6.0968202e-02  -3.3974591e-01  -3.5478333e-01   7.1517326e-02  -9.9813238e-02   4.5415914e-01   5.3995103e-01  -1.7421220e-01
   8.5799539e-01   1.4610015e-01  -3.4406558e-01   7.5822890e-02   1.0524083e+00   1.8173593e+00  -7.8600872e-01  -5.5842471e-01   7.4015516e-01   5.5190223e-01  -4.8743400e-01  -6.3755684e-02  -6.6633946e-01  -6.4583862e-01   5.4274911e-01   1.4036591e-01   2.1986769e-01   4.8683099e-02   4.4046819e-01   2.2207330e-01  -3.4898952e-02   3.8351479e-01   4.8735596e-02   8.7676042e-01   7.7122253e-01   2.9137308e-02   1.8839037e+00  -3.4552619e-01   4.3826982e-01   3.6314180e-01   1.1732054e+00   5.7530922e-01
   2.4379641e-01  -2.5182989e-01  -2.2856499e-01  -5.2551866e-01   1.4847188e-01  -2.5226966e-01  -3.1001762e-01  -4.4364578e-01  -1.0850080e+00  -3.1848389e-01  -1.1630167e+00   1.6024150e+00   2.2490327e-01   5.9460843e-01   1.1291618e+00  -1.4747788e-02   5.1183826e-01   6.4134675e-01  -2.5880569e-01   4.3881676e-01  -1.3621563e-01   3.8868317e-01  -1.4060125e-01  -1.3986422e-01   1.9400828e+00  -8.3167380e-01   3.5025388e-01   1.2012942e+00  -1.8959421e-01   8.7986577e-01  -5.3453201e-01  -1.8085799e-01
   1.2272873e+00  -7.0940858e-01   2.2474712e-01  -5.3332347e-01   1.3707995e+00   1.5368655e+00   8.2940489e-01   2.1778041e-01   4.0058291e-01   4.4970775e-01   2.1990058e-01   7.6477267e-02   8.1451136e-01   1.0181467e-01   3.3768606e-01  -4.2386044e-02   1.3747375e-01   1.6464129e-01  -7.9577112e-01   1.2677875e-01   1.9815016e-01  -5.4830742e-01   8.8786197e-01   1.6241720e+00   2.7777132e-01  -3.9734986e-01   3.8898161e-01   1.3210448e+00  -2.9460841e-01  -7.2192386e-02   6.9465017e-01  -5.5237395e-01
  -4.0317085e-02   5.9487335e-02  -3.1687596e-01  -1.3813257e-01   7.5630635e-02  -2.1121249e-01   1.0866358e-01  -3.6860749e-01  -1.7445487e-01   2.2395238e-01  -3.7886527e-01   7.3526812e-01   4.1804317e-01   7.9827118e-01   2.0843759e+00   1.1352168e+00   1.1943343e-01   4.6175826e-01   5.2984583e-01   3.8640976e-01  -1.1043280e+00   9.2360157e-01   2.5428024e-01  -5.2805138e-01  -1.4455550e+00  -1.0775132e+00   6.0754669e-01  -1.0222538e-01  -9.7339362e-01   7.4410665e-01   5.0713369e-03  -5.1205242e-01
  -4.1732198e-01   1.1219038e+00  -8.3369929e-01   4.8692131e-01   9.7725934e-01   1.0980351e+00   1.7116278e-02   1.1278778e+00   7.0331657e-01   6.4705008e-01   1.2002686e-01   6.5025842e-01  -3.1494224e-01  -5.9919435e-01   1.5256792e-01  -4.4033670e-01  -3.0197892e-01   4.6231800e-01   6.5144265e-01  -1.0788009e-01   4.3088636e-01  -1.9025722e-01  -6.0350585e-01  -1.8824323e-01  -6.7176604e-01   1.3008230e+00   1.7583996e+00  -7.0164424e-01   4.9192491e-01   3.5030809e-01  -1.6252305e-01  -8.3347332e-01
   7.6638186e-01   2.0725766e-01  -9.5859575e-01  -1.0062151e+00  -4.9435803e-01  -2.3280844e-01   3.6444333e-01   6.3573772e-01  -2.9126063e-01  -5.3549039e-01  -3.2673752e-01   7.2582167e-01   6.0857880e-01   1.4733615e+00   7.9104149e-01   3.1469333e-01  -1.2521291e-01   1.2536885e+00  -8.8019317e-01   4.5210853e-01  -1.1436000e+00  -2.9340819e-01   6.9882751e-01  -6.4513475e-01   3.0030838e-01   2.6684475e-01  -4.9694860e-01  -1.8534839e-01  -8.8465720e-01   4.8273847e-01   1.0421550e+00  -9.6030784e-01
   4.5205066e-01  -4.2755347e-01   5.4376298e-01  -4.6896487e-01   1.4469620e+00   3.4524715e-01   1.6829240e+00   2.3669380e-01  -7.2596115e-01  -8.6893827e-02  -8.5881269e-01   9.2835031e-02   4.7869709e-01   2.2326556e-01   6.6579497e-01   2.9303709e-01   8.1380939e-01   9.3034029e-01  -8.5492384e-01  -6.6396976e-01  -1.6599213e+00  -2.0375550e-02   1.3552480e+00  -1.9061492e-01  -2.4295643e-01  -2.5368151e-01   3.5471311e-01   8.6387753e-02  -3.5957563e-01  -2.2391231e-01   3.5710031e-01   1.2336190e-01
   1.0251149e+00  -6.5157630e-02  -5.7902031e-02  -8.1647003e-01   5.0000185e-01  -1.4981548e+00  -1.1193042e+00  -4.5720243e-01  -1.0363222e+00   4.9451429e-01   3.0933133e-01   8.7735146e-01   1.6795208e-01   4.2909124e-01   5.4535604e-01  -5.8299888e-02   2.8126713e-02   6.2650627e-01  -8.0100161e-01   7.2225608e-02  -1.0017526e-02  -1.3718058e+00   1.7428460e+00  -2.6057038e-01   2.0773493e-01   4.0000096e-01  -5.0515032e-01   2.6022816e-01  -6.6418153e-01  -6.6819363e-03  -1.3411172e-01  -7.8025246e-01
   3.1148440e-03  -5.7013518e-01   3.1909603e-01   2.5548908e-01   1.8996917e+00   6.7507178e-01  -1.4328206e+00   7.5203782e-01  -3.4364843e-01   5.3082144e-01  -1.2447926e-01  -5.4122460e-01  -5.5285966e-01   3.2801384e-01   2.7606022e-01  -4.3384975e-01   1.6762446e-01   9.0929814e-02   1.2781128e-01  -1.0025036e-01   1.6184551e-01  -1.1892569e+00  -1.0544589e+00  -1.1156104e+00  -7.9974301e-02   9.2204255e-01   7.8782380e-01   9.2338592e-01   5.2228510e-01  -4.3708301e-01   1.2039145e-01  -8.7798375e-01
   1.3770013e+00   2.7328660e-03  -1.1917796e-01   6.1816107e-02  -1.4031121e+00   1.8755217e+00  -1.7448917e-02  -2.3783541e-01   6.4819330e-01  -1.5604937e-01  -1.1282643e-02  -2.2323394e-02   7.4386887e-02   2.4390154e-01  -2.7113584e-01   9.8645729e-01  -2.6192260e-01   1.1989480e-01  -1.0543086e-02   2.1534505e+00  -1.0680236e-01   7.9986870e-02  -4.6354783e-01   1.2801925e+00   7.1244366e-02   1.1593861e-02   3.0373174e-01  -4.9696657e-01  -1.8484071e-02   4.1144080e-02   2.1762986e-01   6.7973984e-03
   6.8242759e-02  -6.3342530e-01   3.8154626e-01  -3.1920180e-01   7.9008973e-01  -8.7969512e-02   5.1855302e-01   2.7095681e-01   1.7279129e+00  -6.0220486e-01   1.2554374e+00   2.7170414e-01   9.5323098e-01   9.0877540e-02   4.3123695e-01   4.1047481e-01  -4.4681382e-01  -2.1827050e-01   1.7465426e-01   5.1088452e-01  -5.9979320e-01   2.0191580e-01   8.7000293e-01   2.6029128e-01  -5.5266666e-01  -1.0920879e+00  -2.7460212e-01   1.7308694e+00  -2.4791472e-01  -6.9966376e-01  -2.8765374e-01   1.0656418e+00
   8.1797725e-01   2.9831669e-01  -1.6824515e+00  -7.5019217e-01  -6.3112915e-01  -5.4356807e-01   1.2975625e+00   1.1658772e+00   1.6414918e-01  -1.2203976e-01  -2.6474941e-01   1.9990054e-01   8.9564003e-02   1.6877392e-01  -2.2810170e-01   1.3637032e-01  -2.2436447e-01   1.4235801e+00  -3.5223916e-01   5.8260417e-01   6.0015631e-01   1.2704829e+00   8.2536571e-02   6.4145827e-01  -8.0710202e-01   1.2413490e+00  -5.4075545e-01   3.9721003e-01   3.9191955e-01  -2.6942196e-01   1.9544904e-01  -1.1304247e-01
   2.8968671e-01   1.2857017e-01   2.6538584e-01  -1.2950133e+00   4.9284384e-01   5.6121901e-02   2.1675443e-02  -1.6844143e+00  -3.5396075e-01   3.4866345e-01   1.1768514e+00   1.1079259e+00   5.5042893e-02   1.5573050e-01   5.6722647e-01  -7.9047352e-02  -2.2885817e-01   7.3615754e-01  -2.1573521e-01   6.4946383e-02  -8.0810106e-01   3.6222371e-01  -1.5962757e-01  -1.6163184e-01   1.6380546e+00  -1.3950256e+00   4.6761233e-01   2.5876436e-01   5.6260818e-01  -1.0271246e+00   2.8646919e-01   6.5311834e-02
   4.4757390e-01  -1.3323772e-01  -4.3484938e-01  -2.1999841e+00  -2.4086663e-01  -1.5746814e-01  -6.9075680e-01   1.0424269e+00  -2.1065567e-01   1.7428625e-01   6.5672934e-01   7.6746505e-01   3.2127273e-01  -6.3553944e-02   7.2515629e-02   6.9172539e-02  -9.3563694e-01   9.3437606e-01  -3.0098659e-01  -7.3275760e-02  -2.1637030e+00  -2.7117375e-01  -9.8669007e-02  -4.7167382e-01   7.5194436e-01   1.7557584e-02   6.2737845e-02   1.5840445e-01   1.9918476e-01  -6.3881218e-01   1.3521378e-01  -3.6800675e-02
   8.7458068e-01  -3.2259485e-01  -1.1817193e+00  -3.7639940e-01   2.4995258e-01   2.9618070e-01  -1.6129060e-01  -4.5031962e-01  -5.6302708e-01   5.7974237e-01   8.3804768e-01   3.6987847e-01   7.7897018e-01  -8.3494860e-01   3.4071174e-02  -2.4548933e-01  -1.6675473e+00  -5.6603080e-01  -7.8563583e-01  -1.3001487e+00  -6.9744194e-01   5.0842726e-01   3.8862142e-01  -6.3280976e-01  -3.5875034e-01   4.1192558e-02   3.5242945e-01   1.4598928e-02   2.7740130e-01   9.8510396e-01   3.5488796e-01  -1.4909898e+00
   3.1886846e-01   1.0531458e-01   3.0391154e-01  -9.0326555e-02   1.3491139e-01  -1.4077802e+00  -4.5214632e-01  -1.1374272e+00  -5.2953744e-01  -8.9884222e-01  -8.2377464e-01  -5.2511013e-01   1.0004457e+00  -2.3521739e-01   6.2116045e-01  -3.5360891e-01   4.7453403e-01  -8.8926917e-01   2.5140099e-02   1.0830642e+00  -7.3744005e-01  -1.3981410e+00   1.5476980e+00   1.0239341e+00  -1.4354225e-01   5.5898733e-02   1.1954366e-01  -2.2511964e-01  -4.2530295e-01   1.5306926e-01   3.6648557e-01  -3.4543562e-01
   9.4535947e-02  -2.5142904e-03  -4.1404960e-01   1.4839417e-01   6.6132069e-02   2.2653434e-01  -4.4936061e-01  -5.3001565e-01   2.9071230e-01  -1.5594007e-01  -5.5824953e-01   8.7450784e-01  -1.8075375e-01   8.2662892e-01  -8.7593257e-01  -2.1337900e+00  -3.2760820e-01   3.4409392e-01   3.1359756e-01  -5.5214979e-02   6.3108504e-01  -1.8680295e+00  -1.1140638e-01  -6.6078186e-01   5.7441550e-01   1.5216810e+00   4.5173973e-01   3.5190603e-01   3.2008968e-02   5.9205317e-01   1.3609569e-01   1.7352551e-01
   3.0896363e-03   2.2032575e-01  -5.9132200e-01  -2.7270243e-01   4.8477881e-02  -2.6717138e-01   5.1502234e-01   6.0702479e-01   8.8070679e-01   3.7897649e-01  -2.1013045e+00   1.0745590e+00  -4.5302746e-01  -1.5999249e-01   7.9713100e-01  -6.1399025e-01  -1.0897610e-01   1.2623979e+00   2.3474275e-01   2.6598921e-01  -1.3812852e+00  -1.1465130e+00  -3.7118486e-01   8.1831217e-02   1.5931098e-01   1.3056563e+00   2.6508272e-01   7.3475644e-02   3.6879402e-01   1.8309633e-01   4.1291703e-02  -1.0946608e-01
  -2.3523197e-01   4.2626154e-01   1.6003338e-01  -3.1272987e-01  -5.6235379e-01   1.7537689e+00   5.1441634e-01  -1.2386405e+00   1.0963430e+00   3.9765793e-01  -8.0290639e-01  -4.5475405e-01   2.1980882e-01   1.8960322e-01  -1.1543038e-01  -2.4789326e-01   3.6136809e-01   2.2437981e-01   3.0796063e-01   4.0067980e-01  -8.6670458e-01   4.9530202e-01  -1.2857863e+00   3.1684041e-01  -1.1388224e+00  -6.1046404e-01  -1.1741867e+00  -1.2916543e+00   3.3787560e-02  -2.8017360e-01   2.5358754e-01  -1.7631884e-01
   1.9235543e+00  -5.9666491e-01  -2.8118110e-01  -3.4125692e-01   1.1589707e+00   9.9857473e-01   1.0999174e-01  -2.6412380e-01   1.9212824e-01  -9.1588354e-01  -2.2371934e-01   1.2885462e-02  -4.2188084e-01  -2.0477396e-01  -5.8120403e-02   8.4722601e-02  -8.9826398e-03   1.5679812e-01   2.6293192e-02   4.9588355e-01  -2.0230576e-01  -1.0797849e-01  -6.7160499e-01  -5.0783902e-01  -1.7616566e-01   1.1905925e-01  -7.5991029e-01   4.1216803e-01   6.0131192e-01  -1.5444802e-01   2.4206369e+00   3.1539434e-01
  -3.6270249e-01   6.6672510e-01   2.5197146e-02   5.8710966e-02   5.3319013e-01   1.9205717e+00   3.9294776e-01   1.0489681e-01  -1.2615123e+00   1.3120854e+00   1.8235102e-01   3.4322792e-01   1.4561561e-02  -1.7974927e-01  -8.5153036e-02   2.2031207e-02   1.5840033e-01  -9.7248025e-02  -1.1709742e-01  -1.9200638e-01  -1.0215817e-01  -1.1724778e-01  -3.5512137e-01   8.8244528e-01   2.1163996e-02   5.2365973e-03  -8.5600831e-02  -3.2082587e-02  -2.1445747e-01  -1.8311605e-02   2.5631039e+00  -3.7209618e-01
   9.7310239e-01   5.1073909e-02   9.0306753e-01  -1.2390767e+00  -4.0687239e-01   1.8904750e-01  -1.3320859e-01   8.7026668e-01   1.1077154e-01  -1.5859434e-01   8.3382374e-01  -6.5827281e-03  -9.3001848e-01  -3.6508381e-02   2.3827326e-01  -1.5826718e+00   1.2374917e+00   8.2153445e-01  -4.1683605e-01  -4.1308254e-03  -6.2982894e-02  -1.0466523e+00  -3.8196969e-01   1.3937905e-01  -3.3076796e-01   9.9648285e-01   5.4381979e-01   3.2067898e-01   1.3137312e-01   1.2329201e+00   9.3706918e-01   3.6737233e-02
  -1.6861254e-01  -1.1404602e-01   1.0848205e-01   1.5618295e-02  -6.0238630e-01  -1.5715270e-01   5.8905685e-01  -1.9841972e-01   9.2038643e-01  -9.9517453e-01  -1.7474119e-01   1.2759476e+00  -1.3495570e+00  -1.0177121e-01   1.1838181e+00  -8.5320640e-01  -5.2854377e-01   3.2197624e-02  -7.2040683e-01   4.5267099e-01  -1.6177038e+00   2.5370088e-01  -1.1425333e+00   1.0821191e+00   3.0803731e-01  -4.2751056e-01   7.0234588e-03  -4.6055737e-01   8.1221437e-01  -5.2767634e-02   3.9148551e-01  -4.9797657e-01
  -6.1370069e-01  -7.5033563e-01  -1.5151533e-01  -9.3361676e-02  -2.3712696e-01   9.2237586e-01   9.2695236e-02   1.9636171e-01  -1.0093155e+00   2.0168571e+00   5.0199956e-02   4.3135726e-01  -4.3042073e-01  -2.0331293e-02  -1.5582073e-02   3.4590387e-01   1.0071137e-01   8.9119864e-01  -1.0170780e+00  -2.4082525e+00   1.3283946e-01  -2.6365867e-02  -3.7193406e-01   2.4405476e-01   6.7037940e-03  -2.1016704e-01   2.1973649e-01   7.2535121e-01   6.7338929e-02  -9.8925784e-02  -6.6545255e-02   4.2701717e-02
   3.4345079e-02  -3.2067573e-01   6.4914924e-01  -5.1991147e-01  -1.0107622e-01   2.4304235e-02  -2.1126743e-01  -1.8498197e-01   9.7321987e-01   5.5754948e-01   1.1453396e+00   2.1939273e+00  -6.0578599e-03  -1.0029696e-01   5.0049551e-02  -2.5331953e-01  -5.3198749e-01   3.7792227e-01   1.5939069e-01   1.5848148e-01  -4.7884867e-02  -3.7104380e-04   1.6829530e-03   3.2506131e-02   2.7999848e-01  -1.8816595e+00  -6.7252439e-01   3.1493118e-01  -1.5019670e+00   5.6034857e-01   5.7472068e-01   3.2294780e-01
   6.0021371e-01  -6.5354876e-02   2.5376755e-01  -1.0092514e+00  -7.8672224e-01  -4.8463035e-01  -1.3746530e+00   9.2288786e-01   1.7032810e-01   4.6816206e-01   1.0018293e+00   1.2473243e-01  -1.1745997e-01   3.1386209e-01   6.7765164e-01   5.2570295e-01  -2.7778816e-01  -4.6925673e-01   2.5581151e-01   2.6769057e-01  -4.7505149e-01   7.6262605e-01   9.8733502e-03  -5.5999243e-01   1.9701978e+00  -1.1137420e+00  -6.2626952e-01   1.2245146e+00   4.4084355e-01   9.8297382e-03  -2.6285273e-01   9.6428238e-02
  -9.0812057e-02  -1.0641736e+00   1.7963339e-01   3.9135894e-01  -1.4300069e-01  -8.8846111e-01   1.7666471e-01   3.2718334e-01   1.5958387e-01  -2.0037658e+00   1.5705578e-01   7.2615826e-01  -9.3387771e-01  -1.4173160e-01   1.8951184e-01   3.0664265e-01  -3.4922317e-01   8.2724899e-01  -1.1567292e-01   2.0650704e+00  -4.5602569e-01  -1.4765735e-01  -1.3530442e+00  -8.4858425e-02  -1.2334411e-01  -2.5030479e-01  -7.1247643e-01  -5.3222507e-01   4.7994856e-02   2.2053093e-02   2.7714619e-01   1.0427551e-01
   1.2552623e-01  -4.9294257e-01   7.5466976e-02  -3.6152571e-01  -8.0654806e-01   1.0782834e+00  -3.4188911e-01   6.1766887e-01   1.6751500e+00  -9.8263150e-01   6.2283909e-01  -7.4682456e-01  -2.4813738e-01   7.8115880e-01   1.0014917e-01   5.0524962e-01  -9.0780890e-01   1.5381086e-01   1.9029107e+00  -3.7413380e-01   4.7783497e-01   4.0258893e-01  -1.0756736e+00  -5.2834070e-01  -1.4288785e-02   4.5039415e-01  -1.2548168e-01  -9.2479068e-01  -1.6901414e-01  -1.2147526e-01   2.6337931e-01   1.2885478e-01
  -3.4790346e-01   6.3166350e-01  -1.8123264e+00   3.1064183e-01   5.6815362e-01   3.2543880e-01   1.0279287e-01   1.7963774e+00  -2.3978584e-01   9.2711858e-02  -2.9494119e-01  -1.9145785e-01   1.0501351e-01  -1.6679850e+00  -4.7529683e-01   5.5612153e-01  -1.9269984e+00   2.6305902e-01   6.8982297e-01   3.9933527e-01  -7.0634924e-02  -6.2574100e-01  -1.0287374e-01   2.7254325e-01   6.7773118e-04   5.1960960e-02   4.0490107e-04  -2.9043393e-02  -9.8513454e-02  -2.2189401e-02   3.9292287e-02   6.0346886e-03
  -4.5514676e-01   1.3787584e-01   1.9606988e-01  -1.4322199e-01   1.4428623e+00   9.5606655e-01  -8.2088500e-01  -2.1947776e-01  -2.1306181e-01   9.1394186e-01  -2.6115596e-02  -4.8114476e-01   1.3773155e-01   1.2326449e+00  -3.1156150e-01  -5.0673801e-01   2.2620061e-02   3.4912562e-01  -1.0277066e-01   5.1000720e-01   1.8692029e-01  -4.7846484e-01   3.7803009e-01  -8.3466309e-01   9.5964658e-01   4.7092980e-01   1.5807590e+00   8.2654607e-01  -3.5554412e-01   8.3873188e-01  -5.1313734e-01   1.4413395e+00
   6.7736191e-01  -1.1599176e-01  -2.2449777e-01   2.4761726e-01  -1.4020702e-01   1.2889512e+00  -3.8296330e-01  -4.1914910e-01  -1.9004761e+00   3.2046404e-01   2.9881585e-01  -7.5688499e-01  -3.1484291e-01   5.2139348e-01   5.9851192e-02  -3.3348891e-01  -8.8892347e-01   1.4549999e-01  -1.4639891e+00   9.1302019e-01  -8.1084049e-01  -2.1288118e-01  -1.6102761e+00   3.9002144e-01  -3.6491752e-01   3.2216007e-01  -3.4299603e-01   9.3585342e-01   8.1721716e-02  -5.8509946e-02   1.0342561e-01  -2.5067416e-01
  -8.9971647e-02   1.7397098e-02   4.2807523e-02  -1.1531829e-01  -6.5986431e-01   2.1742873e-01  -8.9476846e-02  -2.3114295e-01  -3.7254751e-01   1.2165725e+00  -5.8953166e-01  -1.2646061e-01  -4.7149667e-01   1.7266679e+00  -8.6221421e-01   1.3271146e-02   6.1187148e-01   1.0045527e+00  -2.1234004e-01   3.3874643e-01  -2.1899527e-01   1.6394952e-01   3.8936284e-01   4.2851239e-01   3.4386587e-01  -4.0334284e-01  -1.2175739e+00  -3.4662265e-01  -5.7559562e-01   7.8471887e-01   2.1159689e+00   4.9120820e-01
