  -1.1651596e-01   1.6817209e-01  -1.7722530e-02  -3.4163408e-03  -3.4046566e-01  -8.7543768e-01  -8.6476415e-02  -1.7288673e-01  -1.8735933e+00  -1.4813159e+00  -4.0458605e-01  -4.4176526e-02   3.5680422e-01  -4.0542090e-01  -2.7154842e-01   8.6908184e-02   1.0972550e-01  -1.9044918e-01  -1.7780401e-01   2.2849610e+00   1.1513206e-03  -1.5046994e-01   8.8894683e-01   7.7650940e-01  -3.5927635e-02  -8.5242756e-02   2.3875730e-01  -1.1186279e-01
  -2.1216482e-01  -2.1690199e-01  -2.2440294e-02  -5.3468661e-04  -5.7354921e-01   5.7369381e-01   7.8239471e-02  -1.7124711e-01  -1.3043295e+00  -1.7200490e+00   5.3865570e-01   2.5537512e-01   7.8278875e-01   5.9955257e-01  -3.7482575e-01  -7.5658341e-03  -1.7097516e-01   8.1720315e-02  -4.5427829e-01   6.0092175e-01   5.3432816e-01  -3.6571896e-01   5.4895705e-01  -2.0451622e+00   3.8321087e-01   1.2559001e-01   1.1317964e+00  -3.6830816e-01
  -3.9020289e-02   2.3901202e-02  -1.4381960e-02   3.8322553e-02   7.4391633e-02  -3.9972857e-02  -8.0852711e-04  -4.3386135e-02   4.0194169e-01  -1.6686162e+00  -4.0638454e-02  -4.7168615e-01  -1.5349773e+00  -1.0801848e+00  -4.3361259e-01  -1.1941950e-01  -1.7022297e-01   1.6649908e-01   5.0293213e-01  -5.8955210e-01  -5.8277285e-01   3.5170335e-01   1.9911587e+00  -1.3873605e+00  -8.9573283e-03   4.3422997e-02   9.8450437e-02  -2.6520610e-01
   4.3784308e-01  -1.3961998e-01  -2.1790236e-01  -6.1980553e-02   9.1604328e-01   9.5719212e-01  -3.4766915e-01  -5.3103316e-01  -7.4647802e-01  -1.8068537e+00   2.7428168e-01   8.7691617e-01  -1.1382195e-01  -1.9754194e-01   2.8644302e-01  -1.8208535e-01  -2.6892978e-01   8.8875437e-01  -9.2679393e-01   1.9065022e+00   1.1940095e-02  -5.2576452e-01   1.0644381e-01  -1.0022165e+00  -1.2344740e-01   7.4181542e-02  -1.3374065e-01   2.4297601e-01
   1.0824355e-01   4.6463770e-01  -2.5157627e-01  -8.0682111e-01  -6.9980420e-02   1.0839356e+00   1.2788327e-01  -2.0894125e+00   3.4521720e-01   1.9313155e-02  -6.9244653e-01  -1.0517238e-01  -5.3321581e-02  -9.7292764e-03  -6.6572279e-02   2.7352563e-04   9.6343502e-02   3.4376100e-01   1.4044601e-01   1.5443206e-01   1.3245639e+00  -4.5375583e-01   5.8126861e-01  -4.7448769e-01   1.3311179e+00  -1.2690167e+00   5.4611701e-01  -7.0989060e-01
  -9.3336701e-01  -5.8462161e-01  -9.7877997e-01   1.6378763e-01   6.2213850e-01   4.6529198e-01   7.0977694e-01  -4.0130138e-02  -1.0032870e+00   2.4700174e-01  -5.6009376e-01   4.2512080e-01   5.1663399e-01   1.1047066e+00  -9.5412499e-01   2.5314027e-01   7.2609758e-01   5.2357274e-01  -1.4523445e+00  -1.8891436e-01  -2.0600821e-01   1.8364452e-01   3.9891812e-01   3.8317737e-01   1.1189927e+00   7.0636576e-01   9.9381602e-01  -7.7606577e-01
  -8.2008040e-01  -8.3558005e-01  -9.1649294e-01  -6.2200016e-01   6.3737607e-01  -3.5071051e-01   4.4830942e-01  -3.3463281e-01   5.5016947e-01   7.5143635e-01   9.3554236e-02   7.6640791e-01   1.4134684e+00   3.3172464e-01  -6.5453953e-01   3.4442735e-01  -4.1758627e-01   8.0520785e-01   8.4458280e-01  -9.8065835e-01   5.3120172e-01  -3.2251513e-01   4.0876821e-01  -9.1530848e-01   8.9975196e-01   3.2598713e-01   1.2640630e+00  -1.9814804e-01
  -1.0573654e+00   3.3612779e-01   3.3712932e-01  -1.2178558e+00   7.9813145e-02  -1.5563798e-01   5.5503875e-02   1.9006152e-01  -4.4271341e-01  -6.9768137e-01   8.9291370e-01   4.5406002e-01   6.0605037e-01  -9.4858967e-02  -1.1605715e-01  -1.1223177e+00  -1.0458431e+00  -8.1092376e-01  -1.2683148e+00   3.7859705e-01   1.0212802e-01  -5.6619358e-01   1.4219342e-01  -1.4195995e-01   1.3693006e+00  -8.4969330e-01   2.6928046e-01   1.1057098e+00
  -1.0132692e+00  -7.6443237e-01   2.2783084e-01  -7.7533621e-01  -8.4405261e-01   4.3716267e-01  -3.7837216e-01  -3.2873052e-01   6.1398625e-01   1.1307970e+00   5.9986252e-01   3.4088901e-01   5.2789140e-01  -9.3199283e-01  -1.1139541e+00  -2.4081385e-01  -3.3157009e-01   1.9644938e-01   1.2516026e+00  -6.5727258e-01  -4.1519374e-01   2.8627652e-01  -1.7463721e-01  -8.8762653e-01   1.1184391e+00  -1.6927478e-01  -2.8327638e-01   1.1931686e+00
   8.4134750e-03  -4.0262371e-01  -7.7310689e-02  -5.4452109e-01   9.1441333e-01  -2.0807269e-01   1.7995998e+00  -7.2665340e-01   2.7762911e-01   5.2765346e-01   7.3926413e-01   1.0939029e+00   2.9979352e-02   8.7085916e-03  -4.6480168e-02   2.2243527e-01  -6.4894319e-01   2.0363159e-01   3.3864507e-01  -1.2695877e-01  -1.0811064e+00  -1.0269154e+00   6.3527340e-01   3.0945471e-01   4.4687098e-01   1.6481121e+00  -4.0431899e-01  -5.8528179e-01
  -5.0721318e-01  -1.0500358e+00   3.0335182e-01   1.0382345e-01  -1.9118370e+00   8.0721378e-01   2.7252308e-01  -5.5774760e-01  -7.5147116e-01   1.8208481e-01   1.4981288e-01  -1.6727848e-01  -1.6012108e-01   2.1026874e-01  -1.1209064e-01   7.2511363e-01  -7.0852387e-01  -9.5977016e-02  -1.8685116e+00   1.1439328e+00  -7.4396864e-02  -3.6644641e-01  -8.5785079e-01  -5.7831091e-01   9.8430604e-02  -7.0749328e-02   3.1349938e-02  -2.2762907e-01
  -9.1799450e-01  -5.7673270e-01  -1.3458641e-01  -9.9836689e-01  -9.4121575e-01  -1.4509881e-01  -3.2987890e-01  -5.9665745e-01  -1.7174479e-01  -1.4318376e+00  -6.2690586e-01   3.8202435e-01   1.4430432e-01  -9.8072267e-01  -1.0961386e+00   4.8729289e-01   4.2034939e-01   2.3770560e-02  -5.0669763e-02   9.9802285e-01  -1.6258001e-01  -6.6084802e-01   6.7415816e-01  -5.5667996e-01   1.0107927e+00   4.3967736e-01   3.3149663e-02   1.3335307e+00
  -4.7611099e-01  -1.4223583e-01  -2.1200681e-01   3.2038453e-01   9.7934085e-01   1.7062126e+00   1.4311628e+00  -5.6745011e-01  -2.2326191e-01  -3.3288494e-01  -4.5932925e-01   2.2263959e-01  -3.1993979e-01   1.5056969e+00  -1.7626103e+00  -7.6195610e-01   5.0422710e-01  -2.7291065e-01   2.1171600e-01   6.8127531e-01  -6.0684234e-02  -1.0702100e-01   1.0088101e-01  -7.9546228e-02   4.6975672e-02  -8.1276454e-02   9.3668729e-02   4.2580119e-03
  -1.1016036e+00  -6.6157311e-01   2.6136762e-01  -1.5949546e+00  -1.3461421e-01   1.9394232e-01  -3.4181270e-01   6.3448869e-02  -8.1990534e-01  -2.2944923e-01  -3.0019709e-01   8.5259575e-01   6.4036590e-01  -1.2400296e+00  -1.0330446e+00  -1.0580016e-01   3.1006405e-01   6.4746791e-01  -4.4080111e-01   9.8993011e-02  -1.1533730e+00  -4.1026556e-01  -2.0139843e-02  -1.2220416e+00  -4.0854982e-01   6.6299897e-01  -7.9468125e-01  -2.0522721e-01
  -9.8681736e-01  -5.4195172e-01  -1.0528919e-01  -1.1479732e+00  -6.0035545e-02  -8.5596853e-01   8.3609819e-01  -3.4362236e-01  -5.1652056e-01   4.7048172e-01   3.1051144e-01  -4.7390434e-01   1.7775023e-01  -1.2693046e+00  -1.3656796e+00   9.1583848e-01  -3.6024234e-01  -6.6465402e-01  -5.2769542e-01  -1.8726939e-01  -5.6561953e-01  -1.0534842e+00   1.0307385e-01  -9.1073138e-01   9.1927654e-01   1.3767116e-01   5.0337273e-01   6.4970732e-01
  -9.7714506e-02  -7.2742157e-02  -1.0739791e+00  -1.4863712e+00   1.9875385e-01   4.0391374e-02   1.3927408e+00   1.1576926e+00   8.4962286e-02  -2.1430980e-02   5.6063700e-01  -2.8430393e-02  -5.8514841e-02   9.7890019e-02   6.2448937e-02   3.3300616e-02   6.9637053e-02  -1.0676461e+00   7.6327406e-02   1.3497861e-02  -2.0468524e+00   1.0997798e+00   8.4612973e-02  -1.3412166e-01   5.3141052e-01  -3.1161737e-01   1.1325466e-02   7.6655649e-02
