  -9.1769518e-03   5.7295999e-03  -2.0164516e-02   2.1658259e-02  -1.0783637e-01   6.6749883e-01  -4.6279529e-01  -4.6984223e-01  -2.8297666e-01  -9.2872930e-01   8.9996028e-01   2.8389078e-01   1.0567189e+00   1.2179618e+00  -1.6243373e+00   1.8761432e-01
   7.1816242e-01   5.3683573e-01   6.9772631e-01   4.5760223e-01  -1.6358099e+00   4.1388398e-01  -1.6261145e+00   5.2041358e-01   1.3351597e-01  -3.6646566e-01   1.2361334e-01  -3.9527023e-01   1.4279908e-01   4.1995367e-01   1.5942816e-01   4.3790773e-01
   7.2970442e-02   1.4583570e-01  -1.3059472e-01   2.0558503e-02   3.0197933e-01  -2.9945007e-01   1.4872469e-01   3.7151748e-01  -2.4253704e-01   6.0571324e-02   2.6948476e-02  -2.6280078e-01   1.9249395e+00   1.5703674e-01  -9.3426514e-01   1.6969784e+00
   8.9447361e-01   6.9110855e-02   7.3477685e-01  -5.2348530e-01  -1.0889660e+00  -8.9899778e-01  -1.4072692e+00  -3.5159841e-02   8.6128652e-01   4.2952865e-01   9.5528793e-01  -1.4022975e-01  -3.9467481e-01  -3.4499204e-01  -5.1828271e-01  -5.9722759e-02
   1.8417343e+00  -4.1342321e-01   4.5689922e-02   1.5210980e-01  -6.4713843e-02   5.1163149e-01  -2.5635538e-01   2.5220202e-02  -2.3649612e-03  -4.1297236e-01   1.4652426e+00  -1.7005089e-01  -2.4098955e-02  -2.9721654e-03  -4.9406672e-01  -1.2200267e+00
   1.7891754e+00  -3.0876148e-01   4.9561787e-01  -4.9921051e-01  -3.2431078e-01   2.0503630e-01  -4.4690984e-01  -6.6602595e-02   1.6066261e-01  -6.4107913e-01   1.5141938e+00   4.4160992e-01   1.8275757e-01   2.9343608e-01  -8.2170373e-01  -3.7146741e-01
   1.4488676e+00  -4.5315722e-01   1.5487473e-01  -2.0620771e-01  -8.2774121e-01  -7.7455640e-01  -4.2695281e-01   3.4517545e-01  -2.7322513e-01   4.0827402e-01   7.0308256e-01   2.9411545e-01   1.1326192e-01  -3.9518458e-01  -1.2306080e+00   1.2396904e+00
   4.6258283e-01   4.3721274e-01   5.1664615e-01   1.1223842e+00  -6.6288799e-01  -6.1786264e-01  -1.0802561e+00   1.7820294e-01   3.7319151e-01   8.2580113e-01   8.4005558e-01  -1.3649386e-01   1.0094081e+00  -9.6621060e-01  -7.4173826e-01  -1.0987912e-02
   4.3804243e-01  -2.9561037e-01  -5.1180136e-01  -1.7601857e-01   1.7220069e+00   2.1339744e-02  -9.7245872e-01  -1.4192678e+00  -7.2143644e-01   2.6576543e-01   6.3124436e-01   4.5271102e-01   3.9864394e-01   7.0367143e-02  -1.4681539e-01  -3.4944010e-01
   2.3228712e-01  -4.6962273e-01  -3.1424791e-01   4.5084003e-01   1.1715233e+00   1.9266513e-01  -1.1636410e+00  -3.1349441e-01  -1.3889711e+00  -1.3297263e-01   1.3283525e+00   3.3283958e-01  -2.0883609e-01  -5.7041687e-01   9.7742893e-02   6.0066301e-01
   8.0532950e-01  -2.4203491e-01   7.6221114e-01  -4.0360564e-01  -3.2366922e-01  -1.7079952e+00  -6.0113412e-01  -1.6203939e+00  -2.4706584e-01   2.5180155e-02  -2.3548053e-01   6.3847341e-02   2.4078080e-01   3.8884956e-01   2.8687695e-01   3.5675213e-01
   7.0210785e-01   4.7932443e-01  -7.2555262e-01  -4.5041183e-01   1.5880876e+00  -1.8542105e-01  -1.5861154e+00   2.5638562e-01  -6.1509758e-01   5.1277661e-01   5.7739377e-01  -5.3590870e-01  -1.2123431e-01   2.5476915e-01   8.5917562e-02  -2.4747336e-01
   4.9587976e-02   9.3575893e-03   2.7320510e-02   4.9315322e-02  -2.0252708e-01  -7.0861900e-01   7.3706195e-02  -7.3092765e-01   9.2618793e-01   3.7921347e-02   8.0752915e-01   4.0210366e-01   1.3062413e+00  -9.4274414e-01   1.5935148e+00  -3.2257342e-01
   4.1894823e-01  -1.2231044e-02   3.6698648e-01  -1.5699618e-01  -3.2711270e-01  -1.5732720e-01  -3.8577709e-01  -5.4205753e-02   1.7139316e+00   6.1554569e-01   1.8268759e+00   8.2881756e-02   5.9091312e-01   1.6414100e-01   5.8699715e-01  -1.0179038e-04
   1.4767691e+00  -5.6378222e-01   1.3570762e-01  -4.3252301e-01   3.9247739e-01  -8.7703931e-01  -4.7543293e-01  -1.3472848e-01  -4.5519039e-01   3.8564974e-01   1.0433426e+00  -3.5806086e-02  -1.3928945e-01  -4.5026773e-01   8.3888435e-01   1.3254230e+00
   1.6249690e+00  -6.6742349e-01  -5.5385649e-01   2.8436297e-01   3.6495781e-01  -3.9215711e-01  -5.5880427e-01  -2.1786067e-01  -2.7072972e-01   6.2804168e-01   1.3156314e+00   3.4349659e-01   3.3014831e-01   2.2430176e-01   1.1598910e+00   2.4172695e-01
   1.0310429e+00   1.2787227e-01   2.5777048e-01  -9.8951113e-01  -1.6228521e+00  -3.6222510e-02  -2.8736514e-01   1.6046338e+00   2.6947379e-01   3.7701118e-01   4.2727792e-01  -2.0076662e-01   2.4514037e-01   1.0387640e-01   1.6008522e-01  -2.2021012e-01
   1.5685236e+00  -5.7015181e-01   3.0643824e-01   4.8336133e-02  -8.8237751e-01   3.2340100e-01  -3.7284914e-01   2.9935223e-01   3.2594782e-01   3.5116810e-01   9.4196838e-01   3.0900365e-01   4.6188422e-02  -3.1589231e-01  -1.5944235e+00  -3.8750035e-01
   7.9849781e-03   3.3152569e-02   1.1762850e-02  -4.6107128e-02  -1.0566173e-01  -1.4558926e+00  -7.1572262e-01   1.2883643e+00  -6.1797708e-01   1.2081852e+00   1.1660964e+00  -6.6490489e-01   9.4230838e-02   1.3252531e-01  -2.0826077e-02  -1.5258269e-01
   5.3165531e-01   1.3402170e-01   3.6260888e-01  -4.1902971e-01  -8.1086767e-01   4.2094693e-02  -3.5774499e-01   7.4086416e-01   1.1449101e+00   1.2087611e+00   1.6050210e+00  -4.1840735e-01  -5.1781267e-01  -7.0944643e-03  -2.4120237e-01   4.5467797e-01
   1.3033668e+00  -5.2842919e-02   3.1951842e-01   4.5997950e-01  -6.7812186e-01   8.6748296e-01  -4.3228239e-01   6.2023145e-01   4.6524709e-01   5.8091712e-01   8.2201225e-01   2.3538400e-01   6.8021142e-01  -2.6355135e-01  -6.0283870e-01  -1.4213541e+00
   5.5230492e-01   1.9512273e-01   8.7448321e-02  -5.9137076e-01  -7.1862209e-01  -3.6522743e-01  -2.3860484e-01   7.8812796e-01  -1.6190135e-01   1.5814317e+00   1.5793699e+00  -1.2826906e-01   5.0911039e-01   4.6983525e-01   3.7062001e-01  -5.6243581e-01
   3.3356506e-01  -1.4383857e-01   3.6672670e-01   5.3200282e-02   7.2106117e-01   4.6631733e-01   3.5512632e-01   8.0108953e-01  -2.1571310e-01  -1.5836195e+00   6.6345620e-01  -1.4476963e+00  -2.6543289e-01   7.1121466e-01  -6.0204953e-01   4.4312459e-01
   4.5512894e-01  -1.3343035e-01  -4.9534425e-01   1.4455616e-02   1.0443643e-02  -4.2325956e-01  -1.3258694e-01   4.0458182e-01  -1.4557457e+00   1.1283088e+00   1.7599226e+00  -5.3557360e-01   3.2146773e-01   3.1650954e-01  -1.4382139e-01  -4.1025349e-01
   4.8813689e-01   4.2832848e-01  -4.7249529e-01   3.4584084e-01   4.8354661e-01   1.3544346e+00  -4.8039576e-01   1.2033043e+00   9.3411654e-02  -2.5286087e-01   2.5896662e-01  -1.3922857e-01   8.0772352e-01   8.8592607e-01   6.3495398e-01  -1.2201666e+00
   1.0507377e+00  -9.8424751e-01  -1.8725103e-01  -3.5991678e-01   1.0927129e+00  -3.9138618e-01  -5.8908552e-01  -3.8957235e-01  -4.8681608e-01   1.4305879e-01   6.2545437e-01   6.5843299e-02  -4.3703833e-01  -3.6269024e-01   1.6980801e+00   2.4001047e-01
  -2.5403717e-01   3.5897267e-01  -4.2921972e-01  -9.4944678e-02   1.3796573e+00   6.6182870e-01  -1.3830389e-01   1.5272338e+00  -8.6466157e-01  -5.7256925e-01   2.7162972e-01  -9.8900008e-01   4.7890025e-01  -4.0038928e-01   5.1780486e-01   3.6763954e-01
  -2.7816144e-01   3.3518788e-01  -2.5268850e-01   3.0617702e-01  -8.9187965e-02   1.8938521e-01  -8.2906604e-02   1.6837914e-01   1.5335895e+00  -4.8550043e-01   1.5242658e+00  -4.7117883e-01   1.0510015e+00   2.7247512e-01   1.0841951e+00   2.9377693e-01
   3.4880430e-01  -7.3440009e-01  -3.8027608e-01   7.5210559e-01   1.6323980e+00   9.2679054e-02  -1.6249245e+00  -1.3049687e-01  -4.2215633e-01  -5.4090542e-01   3.8045436e-01   5.4647458e-01  -3.7635508e-01  -2.3074327e-01   3.4477463e-01   2.6470491e-01
   1.5315363e+00   2.0864010e-02   3.8254595e-01   9.4245054e-02   5.7768691e-01   6.2848186e-01  -2.5994265e-01   4.8686519e-01  -2.3736717e-01  -8.1049621e-01   1.0658075e+00  -6.6016451e-02  -4.5502567e-01   7.0379570e-02   1.1003497e+00  -1.0904565e+00
   3.7933344e-01  -7.3927879e-01   4.8304215e-01  -6.8446296e-01  -1.2963202e+00  -6.0805285e-01  -1.1861811e+00  -7.3889935e-01   5.9362000e-01   7.5876784e-01   5.2770960e-01   8.4359848e-01   4.5670089e-01   3.5029903e-01   4.2943498e-01   4.1307729e-01
   1.0250324e+00  -1.9530319e-01  -6.6892803e-01   8.8534766e-01   1.3793961e+00  -2.7680019e-01  -8.1067312e-01   1.1380315e+00  -7.7254927e-01  -5.5004340e-01   8.8193500e-01  -1.1518608e-01   1.7389770e-01  -4.6828248e-02  -7.5043283e-02   1.4028332e-01
   3.3488672e-02  -7.6050861e-03   2.5965186e-02   4.1151974e-02  -5.1205629e-01  -3.3086860e-01   3.6178190e-01  -4.8717737e-01  -1.3019955e-01  -5.8651310e-01   5.8708978e-01  -7.9136141e-02  -1.4299203e+00   1.1052258e+00  -9.3628371e-01  -1.5497872e+00
   8.5420215e-01  -1.8717717e-01   5.1173025e-01  -6.8370229e-01  -5.1841098e-01   1.3843426e+00   5.9224606e-01   1.3534081e+00   3.2904646e-01   8.8573623e-01   8.8951886e-01   3.7564412e-01  -3.1896353e-01   2.3581943e-01  -1.3571198e-02   3.9456016e-01
   9.6584731e-01   4.7115615e-01   4.3689769e-02  -6.7146622e-02  -1.1752020e+00  -1.1522030e+00   7.2211289e-01   1.8430915e-01  -3.5800338e-01  -1.2451799e-02   4.3278226e-01  -2.0600748e-01   8.6814463e-02  -2.4932321e-02  -1.3864630e+00   1.1340840e+00
   6.2361681e-01  -1.4309973e-01  -6.6806376e-01  -2.1153936e-01  -1.0009227e+00  -5.4533231e-01   5.5772328e-01   1.0267917e+00  -1.2757416e+00   7.6426171e-02   1.0581579e+00   6.4996266e-01   7.9133153e-01  -1.7840298e-01  -7.1224171e-01  -3.0683449e-01
   5.7503510e-01   5.8014029e-01  -7.8522342e-01  -3.4386817e-02  -1.5879465e+00  -3.5547811e-01   1.4125142e+00  -7.8670126e-01  -6.7063081e-01  -2.0494139e-01   6.5920067e-01  -3.3027846e-01  -3.0313697e-01   3.1811002e-01   5.0713466e-03  -4.7380596e-01
   1.5036367e+00  -7.8146201e-01  -4.5888600e-01  -6.1740643e-01  -3.9378691e-02   4.5220867e-01   1.4548078e-01   5.0544834e-01   8.4846914e-01   9.3321264e-02   1.3498192e+00   6.7663467e-01  -4.2447403e-01   1.1646239e-01  -3.2000813e-01  -8.6564344e-01
   4.3502784e-01   8.2308841e-01  -3.1371382e-01   8.6844289e-01   7.0571953e-01  -1.0092463e+00   1.2407795e+00  -9.0732016e-02  -3.0730171e-02  -7.5586504e-01   5.6161088e-01  -4.8660666e-01  -4.4639283e-01  -9.1930151e-01   4.4896576e-01  -9.1970712e-01
   1.7236711e+00  -6.8721575e-01  -2.5063965e-01  -2.2048144e-01  -3.8387561e-01  -3.4208107e-01   3.9386284e-01   3.4605724e-01  -4.6425954e-01  -2.3168030e-01   1.6451279e+00   5.1161207e-02   8.6719014e-02   1.2481730e-01  -4.3961653e-01   8.4342051e-01
   1.4003019e-01  -8.2859838e-01   4.3114805e-01   7.0457655e-01   1.3271496e+00  -7.8484690e-01  -4.6851686e-01   1.4866645e+00   2.0819226e-01  -7.5340921e-01   3.5833386e-01   6.7968476e-01  -5.5034459e-01   5.1553752e-02   3.8071856e-01  -3.9074701e-01
   9.6554840e-01   3.8605252e-01   8.7169832e-01   5.4951459e-01   1.5482202e+00   2.7988806e-01   1.4982389e+00   5.2687973e-01   3.6469802e-01  -3.4494933e-01   3.7353626e-01  -3.1375214e-01   4.3267757e-01  -6.4437293e-02   4.2019349e-01  -3.6355745e-02
   3.1818729e-02   1.0432700e-01  -6.3636743e-02  -1.0698656e-01   5.9219621e-02  -1.8470899e+00   1.6220097e-01   1.8375008e+00  -5.2507848e-01  -2.2097376e-01   5.7845962e-01   9.4926998e-02  -4.7434786e-01  -1.5268530e-01   4.8777109e-01   1.5446662e-02
   2.5889888e-01   2.7918437e-01   3.5291663e-01   2.9671967e-02   9.5268196e-01   7.6686680e-01   1.1912289e+00   1.2830161e-02   1.4294347e+00  -1.2884642e-02   1.1703771e+00  -8.5812515e-01   5.1007783e-01  -2.3603065e-01   3.3572748e-01  -4.8631710e-01
   1.5943805e+00  -8.6231750e-01   1.7591214e+00  -3.8486248e-01   4.9026117e-01   6.0793394e-01   3.1377223e-01   7.4634594e-01   2.4676247e-01  -1.8313326e-01   2.9334357e-01  -1.0232765e-01  -9.9568672e-02   8.7275123e-03  -7.2834946e-02  -7.8283558e-03
  -3.4293324e-01  -3.7751117e-01   2.0118724e-01  -4.7340155e-01   3.5359478e-01  -5.4975230e-01   6.3977075e-01   1.2434465e-01  -3.1509656e-01  -1.7189603e+00   1.4485401e+00  -9.7526288e-01  -5.0791985e-01  -2.3082931e-02  -1.8663105e-01  -4.7582465e-01
   9.9127340e-01   9.2154853e-02   2.1612322e-01   9.8430371e-01   8.8076317e-01  -1.1974894e+00   1.4007086e+00   4.7596174e-01  -1.5306640e-01  -7.6565105e-01   6.8301934e-01  -3.7337404e-01   4.1235283e-01   1.3955112e-01  -2.3703786e-02   4.3523180e-01
   1.7162141e+00   1.1954767e-01  -2.0607002e-01   2.4769305e-01   6.0829288e-01  -4.6171603e-01   4.6298230e-01   3.8191876e-01   4.1171199e-01  -4.7802645e-01   1.3631600e+00  -1.0441680e-01   1.2140260e-01   2.1061960e-01   1.1198337e+00   6.4252025e-01
   2.9945365e-01   4.7090551e-01   3.7306187e-01  -4.2776054e-01  -1.6937969e+00  -5.9637807e-02   4.6093345e-01   1.6463678e+00   3.9114687e-01   6.5872478e-01   5.0327432e-01  -5.4700291e-01  -4.5142975e-01  -1.5927325e-01  -3.7335575e-02   4.4829431e-01
   4.1360861e-01  -5.0495289e-02  -1.3924876e-01  -4.0901431e-01  -1.3787038e+00  -1.7816752e-01   5.9207752e-02   1.3902364e+00  -6.5820032e-01   1.1040089e+00   1.1870242e+00   4.6462548e-01   4.8557553e-01   7.7219881e-02  -2.1783749e-02  -5.0167346e-01
  -3.6729950e-01  -6.7627805e-01  -4.6384791e-01  -6.1131680e-01  -1.2470934e+00   4.7096975e-02  -1.1996136e+00   2.7856004e-01   5.1759666e-01   1.0491621e+00   7.2802496e-01   9.4114780e-01   4.5752355e-01  -5.2182728e-01   3.3600107e-01  -6.0480738e-01
   1.3582830e+00  -1.0783770e+00   7.0969570e-01  -1.5996344e+00  -9.0997136e-01   3.1939599e-01  -6.4199406e-01   6.8531030e-01  -1.1065050e-01   2.0175827e-01  -2.1443365e-02   2.1956883e-01  -9.0155020e-02  -3.2103390e-02  -8.3807692e-02   9.4304967e-04
   2.0736159e-01  -9.0253997e-01   3.2922125e-01   8.4909284e-01   1.3430915e+00   6.6511160e-01  -1.4844313e+00   2.2215611e-01   2.4532061e-02  -1.3130279e-01   6.3047931e-02   1.2079690e-01  -8.3924860e-01   4.1710240e-01   4.7702578e-01  -8.1953943e-01
   4.0437740e-01  -3.2295354e-02   1.7081167e-01   3.8767838e-01   5.5177677e-01   5.7582331e-01  -3.9940462e-01   7.3554581e-01   9.6332681e-01  -1.4141957e+00   1.6201622e+00   5.0156701e-01   3.6237219e-01  -3.7435871e-01   4.3946427e-01   2.2439522e-01
   2.8448641e-01   2.1049052e-01  -3.1882122e-01  -2.1699005e-01  -4.7669014e-01  -1.1367823e+00   5.5169344e-01   1.1252489e+00  -1.1597761e+00   6.2649995e-01   1.0993413e+00  -6.9681227e-01  -6.9392854e-01  -3.6896384e-01   7.0419478e-01   3.0121216e-01
   1.6581893e-01  -3.1267637e-01  -2.1415657e-01   2.9055133e-01  -4.1506979e-01  -8.1508970e-01   2.7456871e-01   8.9256370e-01  -1.6897745e+00   2.8671056e-01   1.6968446e+00  -3.7530296e-02   2.7408546e-01  -1.5943411e-01  -3.1820351e-01   1.2535986e-01
  -2.5356680e-02   1.6898035e-01   1.3572280e-01  -2.3827527e-02  -3.2968983e-02   1.0219058e-01   1.0001779e-01  -1.2479804e-02   1.2981287e-01   1.0282234e+00   1.0186865e+00  -2.6013440e-01   2.9513875e-01   1.6727436e+00   1.6135122e+00  -5.1189625e-01
   1.3704404e+00  -3.5740724e-01   2.4521205e-01   9.3374833e-02   1.0461147e+00  -1.2491073e-01  -1.4889593e-01   6.5358520e-01  -4.7660958e-02  -7.9313207e-01   8.0496114e-01   2.7378356e-01  -3.4582451e-01  -3.6506200e-01   1.4698488e+00   7.7358484e-01
   1.9658972e-02  -1.6188094e-02  -2.9799500e-03  -5.1556144e-02   6.5988141e-01   1.9911461e-01   6.9744605e-01   1.1088814e-01   8.0107969e-01  -7.8746915e-02   7.7131444e-01  -1.8875720e-01   8.1728309e-01   1.4860618e+00   1.0261548e+00   1.3472404e+00
   1.4643396e+00   1.0286496e+00  -7.7530158e-01   1.6260396e+00   5.3771573e-01  -7.1139073e-01   7.4874485e-01   4.3772912e-01   3.5450183e-02   3.1342849e-03  -2.8516600e-02   3.0652845e-02  -3.3165365e-02   2.7969044e-03  -7.5687370e-03  -2.9452797e-02
  -1.2983690e-01  -2.4993692e-02   1.0603552e-02   1.1723802e-01  -2.9661063e-02  -4.1025314e-01  -3.6682066e-01   1.9813871e-01  -3.9086553e-01   2.2090274e-01   3.4861067e-01   2.6208279e-01   6.9845403e-03   1.9004493e+00   1.7505051e+00  -7.4688756e-01
   1.5006396e+00  -1.1584738e+00   1.0013106e-01   1.4515862e-01   2.7652091e-01  -1.7493765e-01   2.4747031e-02   2.6703885e-01  -2.1334988e-01  -4.9544644e-01   1.5103495e+00   4.4237366e-01  -6.1656252e-02   6.4542823e-02   1.1818432e+00  -1.5289566e-01
  -4.7060639e-02  -2.5550210e-01  -2.8361389e-01   2.9380698e-02  -9.4731736e-01  -1.5179117e+00  -1.5643095e+00   8.7744892e-01  -6.5801632e-01   3.9011750e-01   3.5375670e-01   6.6099852e-01   3.1561300e-01  -2.1505718e-01  -1.9081403e-01  -3.2131910e-01
   1.1292233e+00   1.1369998e+00  -4.2311710e-01  -7.6158875e-01   4.8793381e-01  -1.0268282e-01  -1.4674747e-01   5.7788259e-01  -3.4643421e-01  -9.2964607e-01   1.1553781e+00  -9.2089260e-01   4.2173687e-01   1.4609022e-01   7.8841263e-01   2.8449085e-01
  -7.0765786e-02  -3.3231807e-01   1.0948174e-01   3.1202394e-01  -1.1301029e-01   1.8548000e+00  -1.2994839e-01  -1.8489870e+00  -9.7109720e-02  -4.8530516e-01   1.3614587e-01   4.7477132e-01  -3.9521518e-01   1.7422754e-01   4.0747258e-01  -2.1222107e-01
   1.5377478e-01  -1.3575782e-02   1.1216858e-01  -1.0620394e-01  -9.5240690e-02   1.5515042e-03  -8.7166592e-02   7.3223941e-02   6.8177468e-01   9.7263920e-01   1.1649798e+00   3.4973088e-01  -3.3926897e-02  -1.5984684e+00  -1.0157232e+00  -1.2049879e+00
   1.1401954e-01  -7.8274864e-01   4.6381152e-01   6.3595361e-01  -1.6935616e+00   4.7332373e-01   8.8942671e-01  -1.5222646e+00   9.8887004e-02  -1.2781185e-01   3.0452609e-03   1.3544905e-01  -2.1398064e-01   4.5849311e-01  -1.6525090e-01  -4.7582415e-01
   1.6622360e-01  -1.8871270e-01  -1.9459143e-01   2.1314581e-01  -2.9276429e-02  -5.1010288e-02   4.6998985e-02   7.4754134e-02  -1.5663873e+00  -3.2746274e-02   1.5752168e+00   1.1737002e-01   1.0476857e+00  -6.1726117e-01  -1.0731667e+00   5.1199204e-01
   1.2487332e+00  -2.5023437e-01  -8.3974117e-01  -3.7204114e-01   1.2357320e-01   9.6984321e-01  -3.1898282e-02  -7.0723867e-01  -9.6765153e-02  -6.1530197e-01   7.2671968e-01  -1.6534263e-01  -1.0075066e+00  -1.3839211e-01  -6.6014135e-01  -1.2899497e+00
   1.6638482e+00   5.2981656e-02  -1.9607700e-01   1.2082578e-01  -7.9136264e-01   3.2665128e-01  -1.0180347e-01  -5.3942776e-01   2.2280732e-02  -6.6039521e-01   9.9158400e-01  -8.3690792e-02  -1.9904010e-01   1.4004116e-01  -1.5196127e+00  -5.8833927e-01
   3.5618398e-01   6.0928029e-01   6.1691469e-01   3.0270299e-01  -1.1145679e+00  -8.9530998e-01  -1.4119346e+00  -1.7476229e-01   1.1543629e+00   1.3667503e-01   1.0821464e+00  -4.6358415e-01   3.2650229e-01   1.5203435e-02   3.0667037e-01  -1.5391043e-01
   1.6445568e+00  -7.1178645e-01   2.5522688e-01  -3.6689226e-02  -6.7956913e-01  -3.3692756e-01  -2.8255874e-01  -3.3103079e-01   4.4635203e-01  -9.3387298e-02   1.1693819e+00   2.6895791e-01   5.1921315e-02   5.3028081e-02  -9.0570122e-01   1.2181975e+00
   7.2149903e-02   1.2652569e-01   6.4014144e-02   1.0806499e-01  -1.4835371e+00   1.0833000e+00  -1.4093262e+00   1.1670144e+00   1.7195174e-01  -5.1250815e-01   1.4901163e-01  -5.1691163e-01   4.3774316e-01  -3.4715113e-01   4.8082665e-01  -3.3986047e-01
   8.0798709e-01  -5.5809051e-01  -2.8153566e-01   9.5868057e-01  -7.5442433e-02   9.1549659e-01  -5.6600708e-01  -7.3543251e-01  -7.4813968e-01  -6.0158926e-01   9.5658123e-01  -8.1159122e-02  -1.6457903e-01  -1.1149698e+00   8.5586911e-01   6.9735098e-01
   1.3519741e+00  -6.6073412e-01   1.1864367e-01  -2.3544696e-01   3.9609367e-01  -1.1662370e+00   2.1916397e-01  -5.8433485e-01   3.0042201e-01  -2.0153481e-01   6.8026549e-01   7.1163595e-02   2.2729105e-01  -1.8991295e-01   1.0214640e+00   1.4247085e+00
   3.6697632e-01   1.9381472e-01  -3.2882100e-01  -2.5213951e-01   7.3203522e-01  -9.9804074e-02  -7.3329371e-01   4.2658247e-02  -1.6725898e+00   4.9247110e-01   1.6763192e+00  -5.2026123e-01   1.6867743e-01  -4.6194312e-01  -1.2297998e-01   4.3922764e-01
   8.5070395e-01  -3.0825338e-01  -6.8490982e-01  -6.3839829e-01   1.4463170e+00   6.0974103e-01  -1.4697239e-01  -1.5403817e+00  -4.2422017e-01   6.5298444e-01   7.7978110e-01   2.6342018e-02  -9.7121902e-02   3.1918916e-01   3.3577198e-01  -8.6453900e-02
   2.6332778e-01  -5.1820177e-01  -5.2290148e-01   3.1064293e-01   5.9023267e-01   3.5392302e-01  -3.1702495e-01  -6.3198084e-01  -1.7090957e+00  -4.6841735e-01   1.1991518e+00   1.2851628e+00  -1.5602125e-03   2.1923414e-01   1.0690285e-01  -1.7068702e-01
   2.4125925e-01  -5.3906403e-02   2.7956474e-01  -1.0656863e-01  -3.5238436e-01  -8.2569194e-01  -4.7323686e-01  -8.0836576e-01   1.5388111e+00   4.2684570e-02   1.5103195e+00  -1.9633433e-01   6.2217408e-01   6.1325669e-01   6.8891615e-01   4.8873419e-01
   1.8942819e+00  -1.1457747e-01   1.0720375e-01   2.5313541e-01   7.3457591e-02  -3.2934946e-01   4.3505922e-02  -2.7184308e-01   1.7317368e-01   4.7736293e-01   1.7694767e+00  -1.8128468e-02  -1.4847198e-01  -6.9230415e-02   3.4396148e-01   7.7392089e-01
   1.4131835e-01   8.9287581e-03  -9.4614416e-02  -1.1834494e-01  -2.5967231e-01   2.7820402e-01   3.7531388e-01   2.2559287e-02  -6.9735104e-01   2.5074989e-01   6.4901483e-01   3.2144853e-01   1.0885606e+00  -1.4494772e+00  -1.8092686e+00   1.9409056e-01
   1.5102756e-01   4.7464883e-01  -4.0283892e-01   2.9546115e-01  -1.4432244e+00   7.2272278e-02  -6.1940789e-01  -1.2928624e+00   5.0835673e-02  -1.2080435e+00   1.1453407e+00  -4.2786846e-01  -2.4628088e-01   3.7572837e-01  -4.3976048e-01  -8.3653666e-02
   3.0070400e-01   5.8211476e-01   4.7405261e-01   4.8287699e-01   1.3499211e-01  -1.7067943e+00  -3.4698081e-01  -1.6967472e+00   5.3183782e-01  -1.9299248e-01   4.2896107e-01  -3.0823767e-01   5.5263215e-01   1.1768829e-01   5.1302850e-01  -2.3261923e-02
   1.1749938e+00  -1.5473701e-01   8.2454383e-01   8.2931864e-01  -1.1125185e+00  -6.6302174e-01  -1.6507815e-01  -1.2677237e+00   5.7925934e-01  -6.9995600e-01   9.3752468e-01  -1.9123415e-02  -3.1652540e-02  -3.0276984e-01   2.1420851e-01  -2.6977846e-01
  -6.0789472e-01   9.4797558e-01   6.4008856e-01  -9.6863294e-01   2.9866037e-01  -1.2733582e+00  -3.1799585e-01   1.2481596e+00   1.4510401e-01   2.7357107e-01  -1.5993583e-01  -2.9214633e-01   8.3701658e-01  -4.7399786e-01  -8.1408030e-01   4.6835640e-01
   4.9646148e-01   1.0042336e-01  -2.9794917e-01  -3.9205626e-01   4.6496610e-03   2.9800284e-01   2.1582106e-01  -2.1563964e-01  -1.1119606e+00   1.4408805e+00   1.8196956e+00  -1.8744573e-01   4.0882477e-01  -4.1819012e-01  -5.6384975e-01  -9.1992440e-03
   1.2422426e+00  -2.4757244e-01   3.1895694e-01   3.4715995e-01   4.3637673e-03  -1.2576455e+00  -3.4983199e-02  -7.5203818e-01   3.8039035e-01   3.2724607e-01   3.4006536e-01   4.0045246e-02  -7.4911505e-01  -2.9834239e-02   1.6370586e-01   1.7512605e+00
   1.6546294e-01  -3.9482185e-01  -4.0041012e-01   2.1143763e-01  -1.3546667e-01   7.9954410e-01   5.6965101e-01  -5.8111537e-01  -1.5996608e+00  -5.5147380e-01   1.0030529e+00   1.3619090e+00   4.0915588e-01  -3.5870486e-01  -5.2129680e-01   1.0340833e-02
   8.6013526e-01  -3.0079624e-01   6.5154606e-01  -6.2439567e-01   1.6887188e+00  -1.8323039e-01   1.5177791e+00  -7.7319151e-01   8.0373690e-02   2.0012127e-01   1.2855890e-01   1.6479331e-01  -3.6789918e-01  -3.2013464e-01  -4.5424566e-01  -1.8470584e-01
   4.7926798e-01   6.0714900e-02   4.5324919e-01   8.8592120e-02  -9.8753154e-02  -6.2886143e-01  -1.4956541e-02  -6.1162013e-01   1.5642781e+00   7.6314008e-01   1.5101440e+00   8.9736736e-01  -2.3070879e-01  -5.2803564e-01  -1.8366866e-01  -5.4118043e-01
   3.7671137e-01   2.0191434e-03   1.8310781e-01  -3.3449218e-01   1.1182336e+00  -1.2125058e+00  -3.5734099e-01  -1.6050400e+00   6.9636029e-01   6.7680359e-01   9.6028638e-01  -1.7761853e-01  -4.3955305e-01   3.5773609e-02  -2.1358307e-01   3.8913345e-01
   1.7116474e+00  -7.3669100e-01   1.2850109e+00  -1.3611807e+00   6.4245278e-01  -3.3136564e-01   4.4243583e-01  -5.4386550e-01  -2.5247516e-02  -3.9501358e-02  -3.7163999e-02  -3.4655895e-02  -1.6199440e-02  -5.0411001e-02  -2.3983303e-02  -3.5181619e-02
  -1.6078776e-01   9.0350933e-02  -1.9003674e-01  -4.8058715e-02  -7.6262677e-01   3.6813945e-01  -8.6299872e-01  -1.3499616e-01   1.0958691e+00  -1.0923860e+00   1.5076056e+00  -2.6202077e-01  -4.5080122e-01  -8.0709326e-01   8.5500993e-02  -9.2181665e-01
   1.9506671e-01   3.6701319e-01  -2.3070873e-01  -3.4382617e-01   6.3765474e-02   7.6968330e-01  -1.3484019e-01  -7.3034924e-01  -1.7493292e+00  -7.0202075e-02   1.7590038e+00  -4.4611316e-02  -3.9363152e-01   1.0365877e-01   4.1071185e-01  -1.1043632e-01
   4.2264724e-01  -9.8266733e-01   9.0107697e-01  -6.0721254e-01  -1.3726141e-01  -9.7071064e-01   4.5040259e-01  -8.6389935e-01   1.0830107e+00   3.9495626e-01   6.5413874e-01   9.4471008e-01  -6.8511820e-01  -3.1036243e-01  -3.5994306e-01  -6.4825547e-01
   1.0730683e+00  -2.6631257e-01  -9.7299504e-01  -5.9112054e-01   8.0491942e-01   4.3058771e-01  -2.7386737e-01  -8.9648885e-01  -8.2638276e-01   6.7792577e-01   1.0474535e+00   5.9757244e-02  -2.7860335e-01  -8.5099351e-01  -3.3361158e-01   7.8302944e-01
   2.3108771e-01   3.4257174e-02   9.1379434e-02  -2.2270513e-01  -2.0976707e-01   1.1443757e+00   9.9300700e-01   6.2051874e-01  -2.6192829e-01   1.5348619e+00   1.3399104e+00   7.9034370e-01   1.3907184e-01  -3.8480881e-01  -2.9830948e-01  -2.4890515e-01
   1.6251308e+00   1.4522159e-01   9.0297638e-03  -3.7557140e-01  -9.2595816e-01   3.4291264e-01   6.0673434e-01   1.3664612e-01  -4.6734533e-01   1.8899073e-01   8.6159909e-01  -2.1801928e-01   2.1486969e-01   2.5015011e-01  -1.5935415e+00  -3.7789690e-01
   1.4535908e-01  -3.2026887e-02   9.4676018e-03  -1.4743929e-01  -1.8386181e-02  -3.1892079e-01  -3.1327319e-01  -6.9940388e-02  -2.9742432e-01   4.4948882e-01   3.4392637e-01   4.1725090e-01  -1.8796639e+00  -2.2838275e-01  -6.9638830e-01   1.7600567e+00
  -3.8906649e-01   5.7601511e-02   3.1302574e-01  -1.8605947e-01  -6.0475498e-01  -6.3323408e-01   7.6371968e-01   3.7666133e-01  -1.1419245e+00   6.8593407e-01   8.3012861e-01  -1.0618336e+00   1.3698421e-01  -1.1337256e+00   2.8923726e-01   1.1144471e+00
  -2.8090557e-01  -4.2228875e-01   3.6981308e-01   2.9210800e-01  -4.8572809e-01  -3.8742346e-01   5.3872114e-01   2.4153820e-01  -6.4876097e-01  -1.4928333e+00   1.0218432e+00   1.2649339e+00  -4.4990525e-01   7.1054822e-01   2.4325292e-01  -8.5203099e-01
   4.4376341e-01   7.1688257e-02  -4.1972959e-01  -2.1864904e-01  -5.4167962e-01  -9.2093036e-02   4.8247543e-01   2.5560609e-01  -1.7217898e+00   6.2303734e-01   1.8281121e+00  -5.1521868e-02  -2.9874325e-01  -2.3249348e-01   2.2528024e-01   2.8723368e-01
  -1.8813510e-01  -7.2769243e-01   3.7244880e-01   6.1021262e-01  -9.6707791e-01  -1.2711585e+00   1.3546700e+00   8.6722451e-01  -3.0891401e-01  -7.2283649e-01   5.4058909e-01   5.7202888e-01  -4.2364502e-01   2.9426050e-01   3.0757958e-01  -4.3319082e-01
  -2.7960604e-02  -5.1370633e-01  -6.3667990e-02   5.1089895e-01  -2.5229296e-02  -1.0236620e-01   2.4663466e-03   1.2696812e-01  -1.5538872e+00  -1.1215234e+00   1.3685049e+00   1.3365918e+00   1.9125342e-01  -1.2349483e-01  -2.2370423e-01   9.7342312e-02
   5.7011318e-01   1.4840327e-01  -4.7463375e-01  -4.1116917e-01  -3.5416052e-01   1.7888162e+00   1.0965912e+00  -1.4368407e+00  -2.1342254e-01   1.7532831e-01   2.6972738e-01  -6.4428896e-02  -8.5162930e-02   4.9407700e-01   3.1964564e-01  -3.9945275e-01
   2.5036660e-01  -4.1462943e-01  -2.7964568e-01  -4.0019464e-01   7.5506461e-01   5.0830913e-01   7.7970153e-01  -4.8129976e-01   5.3490448e-01   1.4424806e+00   1.5310785e+00   9.1278158e-02  -3.4200421e-01   6.7309636e-01   4.7733521e-01   5.8453107e-01
   9.0507776e-02  -4.1048080e-01  -1.4331102e-01   3.9297086e-01  -7.3787391e-01  -1.7217277e+00   5.1772416e-01   1.7975143e+00   6.8666838e-02  -2.2021104e-01  -7.4029990e-02   2.1099465e-01   2.7575257e-01  -4.3042064e-01  -3.4632871e-01   3.9496422e-01
   1.6242090e-01  -3.5872214e-02  -1.6459318e-01   7.2532043e-02   9.6544683e-02  -2.6048130e-01  -2.1684431e-02   3.1254539e-01  -6.7428881e-01  -1.1631652e+00   9.9735355e-01   9.2605621e-01  -1.3549962e+00   5.0152528e-01   1.1331606e+00  -8.5623944e-01
   6.3143277e-01  -5.3769249e-01   7.9838878e-01  -2.2684553e-01   1.4928885e+00   5.5522639e-01   1.1229192e+00   1.1384488e+00   5.9424812e-01   4.2738599e-01   3.7665832e-01   6.2497187e-01  -4.1657355e-01   2.5664014e-01  -4.5945203e-01   1.0269344e-01
   1.5062256e+00  -8.4893000e-01   9.6478648e-02  -2.7251530e-01   6.8656081e-01   1.2336328e-01   6.6120535e-01   1.7621991e-01   7.0685613e-01  -1.4971451e-02   1.0322465e+00   3.0352640e-01  -6.9319449e-02  -1.3907908e-01   1.2703129e+00  -8.2269436e-01
   2.0121643e-01   9.6245013e-02   3.6646910e-02  -2.3551764e-01  -5.1294342e-02   4.4718131e-02   5.2316945e-02   3.8169321e-02  -6.2272318e-02   1.4564235e+00   1.4438214e+00  -1.8948859e-01  -1.3485658e+00   4.4059087e-02   2.8655425e-01   1.3177080e+00
   3.2991058e-01  -2.2598667e-01   3.9868233e-01  -9.6256118e-03   5.5710071e-01  -6.9635940e-01   8.1631768e-01  -2.3452288e-01   1.6433805e+00  -2.6669440e-01   1.5192951e+00   7.1359468e-01  -7.1579285e-02   5.1755482e-01  -3.7867889e-01   3.9838561e-01
   1.3946351e-01   1.4839378e-02  -1.2155297e-01   5.2048776e-02  -1.7239842e+00   7.7078116e-01   1.2200474e+00  -1.4405882e+00  -4.6521387e-01   1.2713864e-01   3.6865953e-01  -3.2748672e-01   4.1130242e-01  -1.1111392e-01  -3.0168486e-01   2.9074892e-01
   9.1646516e-01   3.1537145e-01  -5.7999974e-01   7.5763363e-01  -1.4931062e+00  -3.2648018e-01   8.0889827e-01  -1.2998750e+00  -2.7639434e-01  -6.6188312e-01   7.1580350e-01  -2.0067651e-02   4.4218302e-01   1.2111284e-01  -3.0788958e-01   3.7151933e-01
  -8.4580235e-02   2.1895065e-03  -7.3091790e-02   2.3195971e-02   5.5811483e-01  -1.4379061e+00  -1.3159937e-01  -1.5439888e+00   1.1823982e+00  -3.0618292e-01   9.1529340e-01  -8.0011588e-01   2.4924329e-01  -2.4462153e-01   9.9764384e-02  -3.2403710e-01
   3.4006961e-02  -6.6802734e-01   1.3385968e-01   6.6207075e-01  -1.5205055e+00   2.6122481e-02   1.4640844e+00  -4.2089137e-01  -3.4177998e-01  -8.8089305e-01   5.4175055e-01   7.6180899e-01  -3.5774073e-01   4.6818653e-01   2.2638837e-01  -5.4585069e-01
   1.6379095e+00  -2.8453663e-01  -1.3845278e+00  -9.6131003e-01  -1.1709952e-01   9.5159733e-01   7.5621444e-01  -5.5077642e-01  -4.5107198e-01   3.3179301e-01   5.1817447e-01   1.0002039e-01  -3.9696600e-02   4.3742742e-02   7.2150685e-02  -6.0589402e-03
  -3.2907978e-01   1.8329953e-01   2.8106716e-01   2.3955344e-01   5.1700550e-01  -3.5002831e-01  -5.5000347e-01  -3.4529865e-01   1.3772942e+00   9.7215188e-01   3.1316453e-01  -1.6587073e+00   4.8269963e-01  -6.2711710e-01  -7.4726140e-01  -1.8465868e-01
   1.5134696e+00  -3.3632010e-01  -3.3249518e-01   2.2165366e-01  -5.4266042e-01  -8.3660793e-01   5.9810019e-01  -1.6693211e-01   1.4708254e-01  -6.2150365e-01   9.4481248e-01   1.3321058e-01   8.4048145e-02   4.3236721e-01  -1.6502562e-01   1.5865300e+00
   1.8056120e+00   1.3243657e-01  -1.8701762e-01   1.5406890e-01  -5.8690202e-01  -1.4769562e-01   3.5304615e-01  -4.3174279e-01  -2.8587562e-01  -5.2173930e-01   1.4447862e+00  -7.0983067e-02  -4.4540279e-02  -6.1341957e-03  -1.1682370e+00   4.1595691e-01
   1.4910080e+00  -4.0801921e-01  -6.1978538e-02  -8.3109573e-02   1.0918295e+00   5.0454938e-01   3.8305306e-01  -1.7348512e-01   1.9815630e-01   1.5335354e-01   3.6818799e-01   2.2319051e-02   3.1091300e-01   6.5604575e-02   1.8188772e+00  -6.0667133e-01
   1.7371325e+00   3.2395959e-01  -1.0758213e-01  -4.6677014e-01   6.1796403e-01  -2.3901048e-01   6.7757241e-02  -6.4108402e-01   4.6107414e-01   3.7624881e-01   1.1608547e+00  -2.9647207e-01   2.2436765e-01  -1.8417652e-01   1.3458574e+00  -3.2887754e-01
   9.3605161e-01  -3.5659623e-01   4.4793662e-02  -1.0085130e+00   1.1322452e+00  -8.2641102e-02   4.1061252e-01  -1.0300356e+00   9.0312177e-01   3.9569306e-01   7.6390809e-01  -6.4010769e-01  -7.6512355e-01  -3.8758576e-01  -6.9234478e-01   5.2790523e-01
   6.7192155e-01  -3.9996669e-01   5.2441053e-02   8.0631709e-01  -2.8711677e-01  -1.0102903e+00   1.0439386e+00   1.4246050e-01   6.0329825e-02  -1.4742510e+00   1.3311726e+00   6.0019433e-01  -2.6794550e-01  -1.9124463e-01   2.6622024e-01  -1.8404725e-01
   1.5575320e+00   4.8186939e-02   1.5166634e-01  -1.0587603e+00   1.3116643e-01   5.0980610e-01   1.7920731e-01  -4.2804146e-01  -6.9279069e-01  -4.3372303e-01   1.1563067e+00   1.1598294e-01  -7.8948021e-01  -5.7553172e-02   4.6442404e-01  -1.0365819e+00
   1.7375622e+00  -9.4719976e-01   1.6864981e-01  -1.1524000e-01  -1.7590011e-02   1.0311110e-01   1.3628232e-01  -1.1223948e-01  -2.3913248e-01   5.8176532e-02   1.8772885e+00   4.5852569e-01  -1.0985399e-01   1.0577126e-02   3.3299708e-01  -2.8594011e-01
   4.8612174e-01   1.5177652e-01   8.7695792e-02   5.0035441e-01   1.1698700e-02  -1.6321032e+00   1.4401006e+00  -7.6534319e-01  -3.0653756e-03  -9.8343492e-01   8.4944767e-01  -5.0896305e-01   3.0269694e-01  -1.3406262e-01   2.5872472e-01   1.8647300e-01
   4.5307630e-01  -1.2383678e-01  -4.8142275e-01   1.1258274e-01  -6.8027776e-01   3.1112624e-02   6.8714547e-01  -2.3553086e-02  -1.5402685e+00  -5.9242076e-01   1.5200487e+00   6.1128110e-01  -7.3682958e-01  -2.2211049e-01   7.4136996e-01   2.2133997e-01
