   1.3352618e-01  -4.6322390e-01  -1.2197611e-01   4.5277488e-01   1.6842853e+00   9.2586398e-02  -1.6713591e+00  -8.9148104e-02  -8.7936558e-02   5.3483997e-02   1.0247538e-01  -5.4044787e-02   3.1667456e-01   9.0073794e-01  -3.1392863e-01  -9.3099666e-01
   1.2721734e+00  -2.0412428e-02   7.7261049e-01   9.6429175e-01   4.3761647e-01  -3.1759202e-01   5.4852915e-01   1.0303511e-01  -4.9987223e-02  -1.2689476e-01   6.4811073e-02  -9.8782308e-02  -1.2663080e+00   6.8311656e-01  -1.3510277e+00  -5.6787276e-01
   4.6656609e-01   2.7578387e-01   7.1560286e-02   5.4169434e-01   6.1522955e-01  -1.6644769e+00   1.7230577e+00  -4.7131360e-01  -9.1441326e-02  -2.1880692e-01   1.2040950e-01  -2.1642247e-01   4.5055667e-01  -5.4592091e-01   6.6929036e-01   3.3096325e-02
   4.7657523e-01  -1.0301457e-01   2.4356768e-01  -4.3053272e-01  -6.7665017e-01   1.4518665e+00   6.0107404e-01   1.4898804e+00   5.2394301e-01   7.2603613e-01   8.8143194e-01   1.1843889e-01  -6.2783957e-01   2.5779048e-02  -4.1573921e-01   4.5879602e-01
   4.0943760e-02  -1.2714765e+00   6.7976421e-01   1.0642630e+00   1.2742840e+00   2.3390634e-01  -1.1642489e+00   5.2101201e-01   9.5808767e-02  -3.7374985e-01   1.6074681e-01   4.0113500e-01   7.4448806e-01  -5.3050555e-03  -6.1324966e-01   4.6423236e-01
   1.3171967e+00  -6.9050550e-01  -1.4533999e+00   2.0274483e-01  -7.7906066e-01  -3.6358833e-01   6.1881375e-01   5.8218026e-01  -4.4720891e-01  -3.5395569e-01   3.3660969e-01   4.6653172e-01  -1.3113943e-01   8.4058619e-01   4.0007010e-01  -7.9601842e-01
   5.1190704e-01  -6.4611262e-01   6.2434268e-01  -5.5119377e-01  -4.6418607e-01   1.0855862e+00  -6.0156614e-01   1.0142449e+00   1.4872083e-01   4.1535482e-01   1.0260429e-01   4.1991568e-01  -4.8079568e-01   1.2250392e+00  -6.4435828e-01   1.1461904e+00
   8.8672483e-01  -2.8816038e-01   8.7288296e-01   2.4866337e-01   7.6285070e-01   1.2134518e-02   6.3706553e-01   4.1066393e-01   8.4059125e-01  -2.5067219e-01   8.3279616e-01   2.5860247e-01  -6.8849832e-01   1.1424248e+00  -1.2380656e+00   5.5544019e-01
   9.0855859e-02   7.1073890e-01   5.5594099e-01  -4.0751415e-01  -4.8367208e-01   1.5381237e+00   1.5909021e+00  -2.8811681e-01   4.8084833e-02   2.1572396e-01   1.5971333e-01  -1.2824008e-01  -1.0754019e-01   9.0907532e-01   8.6057687e-01  -3.5823843e-01
   7.1373183e-01   2.1652907e-01   8.5854232e-02   7.2116596e-01   1.2095293e+00  -6.5243000e-01   1.0767114e+00   8.4682816e-01   5.2214015e-01  -3.0384558e-01   4.9433196e-01   3.4912297e-01  -1.0909104e+00  -6.1726114e-03  -4.2024276e-01  -1.0262884e+00
   4.4876572e-01   3.1351694e-01  -2.8518066e-01  -4.4843155e-01  -2.7703694e-01  -9.4132060e-01  -1.0048416e-01   9.9883991e-01  -3.7585780e-01   2.0531910e-02   3.6913651e-01   1.3533825e-01  -1.5593861e+00   4.0510076e-01   1.5906863e+00   1.5792926e-01
   1.1052370e+00  -7.0059490e-01   1.2325977e+00  -3.5104939e-01   6.0526735e-01   3.2111850e-01   4.6426156e-01   4.8851642e-01   2.3041263e-01   2.7957326e-01   1.4487328e-01   3.1611544e-01   1.4584109e-01   1.2905934e+00  -2.3162127e-01   1.3148060e+00
  -2.9686403e-01  -4.6187690e-01  -3.6719155e-01   3.4986663e-01  -3.5337985e-02  -8.5990661e-01  -8.2081747e-01   1.6053292e-01  -9.4981742e-01   4.0378734e-02   1.8151566e-01   9.2192674e-01   5.8305180e-01   1.3092440e+00   1.2244737e+00  -8.1303072e-01
  -1.0181468e+00   5.2087712e-01  -8.9817339e-01  -7.0047474e-01  -1.2869430e+00  -3.1872514e-01  -2.2347645e-01  -1.3276957e+00  -8.1402701e-01   1.0324935e-01  -4.1619903e-01  -6.9058543e-01  -1.1441571e-01  -4.9786028e-01   3.8440087e-01  -3.0332848e-01
   5.1975513e-01   3.3897735e-02   1.1958412e-01   4.9888515e-01   1.1896682e+00  -9.3157601e-01   1.2368271e+00   8.4752935e-01  -3.6297634e-02  -1.0234323e+00   9.7280037e-01  -3.7438944e-01   1.0502392e-02   6.2985766e-01  -6.0078096e-01   2.0327404e-01
   1.6137932e-01   1.8928082e-01  -4.3107904e-02  -2.3133421e-01  -5.4368258e-01  -6.6045922e-01   2.0167373e-01   8.0479932e-01  -1.3854368e+00   6.1392982e-02   1.3019955e+00   5.4516137e-01  -6.7241931e-01   9.1158086e-01   9.8491824e-01  -5.4202861e-01
   2.8059378e-01  -2.8299710e-01   1.7233346e-01   3.6727011e-01  -1.5146891e+00  -3.6021450e-01   8.6530101e-01  -1.2771780e+00  -5.7776493e-01  -3.8041463e-01   5.8131635e-01  -4.0176350e-01  -7.7366018e-01   5.8315074e-01  -2.9248103e-01  -9.3305749e-01
   6.8253636e-01   1.8773064e-02   4.7736567e-01  -5.0799489e-01  -7.3262119e-01   5.9559697e-01  -7.7021599e-02   9.4333786e-01   7.3979944e-01   3.6020708e-01   7.5610250e-01  -3.0272558e-01  -1.3795483e+00  -2.4923092e-01  -1.1351930e+00   8.1623995e-01
  -9.4794191e-02  -2.0707883e-01  -2.3688903e-01   6.2805079e-02  -6.7626429e-01   2.6343894e-01   7.5251877e-02   6.9603938e-01  -1.5143617e+00  -2.2017337e-01  -5.9463692e-01   1.4307815e+00   1.0246110e+00  -1.7263620e-01   7.0665792e-02  -1.0218039e+00
   2.9744473e-01  -5.1727664e-01  -2.4724370e-01  -5.4457986e-01  -1.4069496e+00   8.0569077e-01  -2.4359067e-01   1.5953178e+00  -4.2920357e-01   8.3420312e-01   3.9187193e-01   8.7108827e-01   3.4978220e-01   1.1335088e-01   2.9412711e-01  -1.9763313e-01
   1.2688071e+00   1.0155839e-03   5.6667966e-01   1.6212991e-01  -8.3757043e-01   7.3777872e-01   7.8491205e-01   3.3068407e-01  -6.2097466e-01   1.5593964e-01   1.3376700e+00   1.4042418e-01  -6.9425333e-01   5.0236571e-01  -8.6532092e-01  -6.0769194e-01
   8.7863368e-01  -8.1684572e-01   9.7861964e-01  -6.4459312e-01   9.7604126e-02   6.8493086e-01  -2.8847231e-02   6.8892360e-01   1.0389545e+00   5.7395577e-01   9.3272561e-01   7.6170701e-01  -4.2659733e-01   7.0090830e-01  -5.4923517e-01   6.3207698e-01
   1.5082027e+00  -3.6283392e-01  -5.4129386e-01  -1.4808867e+00  -2.9329565e-01  -2.4596475e-01  -2.1907118e-01   2.8449401e-01   3.6481153e-02   4.9012738e-01   5.0844187e-01  -1.0969768e-01  -1.0828357e+00  -1.8184142e-01  -2.5654731e-02   1.0553871e+00
  -2.4308977e-01  -1.2648277e+00   8.7719113e-01  -9.5578307e-01  -4.8480380e-02   9.8361522e-01  -8.1266338e-01   5.5144578e-01   5.7869369e-01   7.7876890e-01  -2.7855104e-01   9.2769170e-01   3.1405881e-01   5.7555962e-01  -2.4985150e-01   5.9318781e-01
  -4.5793314e-02  -4.9128321e-01  -3.6778018e-01  -3.7413889e-01   4.7299626e-01  -1.8508473e-01   2.5007150e-01  -4.2298445e-01  -1.3885996e-01   7.4580324e-01   3.2741272e-01   6.8435025e-01   4.2990562e-01   1.6547623e+00   1.3271655e+00   1.0707023e+00
   2.3638186e-01   7.2388840e-01   6.8879914e-01  -2.6256365e-01   2.1275368e-01   6.9777930e-01   6.5161347e-01  -2.5515163e-01   5.9910113e-01  -4.4286230e-01  -4.5978457e-01  -5.8766747e-01   6.8585664e-01  -1.3647346e+00  -1.4324859e+00  -5.9845060e-01
  -8.3252169e-02  -7.6261081e-02  -3.4601092e-02   1.0182460e-01  -1.3226076e+00  -9.0434122e-01  -2.3189008e-01   1.5748733e+00  -7.6232100e-01  -7.9833394e-01  -3.6970145e-01   1.0385792e+00   4.1232720e-01  -1.7788944e-01  -3.5470989e-01  -3.3658639e-01
  -9.1271140e-02  -8.7462902e-01  -8.0470550e-01   2.9403830e-01  -8.8098431e-01  -8.7219656e-01  -6.5501022e-01   1.0294503e+00  -1.0975122e+00  -1.3864094e-01   1.1311706e-01   1.1270109e+00  -6.8267769e-01   5.4954179e-03   1.4535992e-01   6.8782651e-01
  -6.3951775e-02   2.4646521e-01  -2.1727583e-01   9.1527656e-02  -1.1574223e+00  -6.7701304e-01  -2.2866227e-02  -1.3526745e+00  -1.2131360e+00  -3.1789804e-01  -3.5325894e-01  -1.1855986e+00  -6.5946078e-01  -3.5992372e-01  -6.1219040e-02  -7.6156336e-01
   1.3495754e+00   1.4727052e-02  -2.1659447e-01   1.3261340e+00   6.4003688e-01  -5.6369162e-01   4.6285075e-01   6.9154608e-01  -2.1343474e-01  -1.0138212e+00   1.0458564e+00  -6.1257225e-02  -5.6620139e-01   2.3887494e-01  -1.8761018e-01  -6.0763770e-01
   1.2612932e+00   3.7973487e-01   6.9945522e-02   1.1799167e-01   2.5073358e-01  -1.1933483e+00   8.1415373e-01   3.8636535e-01  -7.2061040e-02   1.8784423e-01   1.3993320e+00  -7.2962210e-02  -8.3530408e-01   1.9945838e-01   3.1634521e-01   1.0514437e+00
   2.5232559e-02   8.7353981e-01   4.1303374e-02  -8.7532032e-01   5.1733498e-02   7.6701134e-01  -1.8479539e-02  -7.4472910e-01  -5.0111699e-01   1.4793296e+00   6.0644639e-01  -1.4532131e+00  -4.0452835e-01  -2.0525785e-01   3.9511660e-01   2.0352593e-01
   1.7369388e-01   1.1128043e-01   1.7153112e-03   1.9051304e-01  -1.1123778e+00  -2.2844543e-01  -3.1203538e-01  -1.0906253e+00   2.9758811e-01  -4.3006110e-01   4.9306577e-01   8.8799015e-02  -1.4496858e+00  -5.4108644e-01  -1.6469565e-01  -1.5487895e+00
   6.6495061e-01  -3.0620018e-01  -4.8466626e-01   5.4821259e-01  -1.7452807e+00   5.1175225e-01   1.3447735e+00  -1.2139329e+00  -2.9973158e-01  -1.9329457e-01   3.7936211e-01   6.1585553e-02   8.4713943e-02  -1.4767519e-01   1.9080251e-02   1.8558046e-01
  -1.1708439e-01  -3.7980324e-01  -3.5401195e-01   2.1694374e-01   7.7421516e-02   2.1346346e-01   1.6259545e-01  -1.3061476e-01   3.8952580e-01  -3.8271558e-01  -4.4969940e-01  -3.0957210e-01   1.4700782e+00   1.1537542e+00   8.8774818e-01  -1.6425445e+00
  -1.0862074e+00   6.6854358e-01  -5.0758377e-02   1.2472651e+00  -7.0688832e-01   1.4328550e-01  -2.5898853e-01   6.4499331e-01  -3.9631414e-01  -3.2580641e-01  -4.9138239e-01   1.5084669e-01   9.8549247e-01   7.8649259e-01   1.2360386e+00  -4.0823922e-01
  -2.1588555e-01  -4.4271252e-01   1.5560111e-01  -5.2564269e-01   1.3406124e+00   3.8556418e-01   8.4323961e-01   1.1341528e+00   4.7713801e-01   9.5002615e-01  -2.0524298e-01   1.0194159e+00   5.5039150e-01   6.1510694e-01   3.7247643e-02   7.8702718e-01
   1.1922359e+00  -5.6367807e-02   9.7896904e-01   7.2324187e-01  -1.8066914e-01  -7.4360234e-01   3.1906465e-01  -7.0423561e-01   6.8049693e-01  -2.5764537e-01   6.8960565e-01   2.1761481e-01  -1.0282266e+00  -6.3490438e-01  -4.2313561e-01  -1.1040086e+00
  -6.5862215e-01   5.0508648e-01  -3.8683528e-01   7.2567564e-01  -1.6977091e-01  -9.4387823e-01  -5.4448670e-01  -8.0402344e-01   1.1005147e-01  -5.7304901e-01  -1.3792202e-01  -5.7941335e-01   1.3967671e+00  -3.1610349e-01   1.1349872e+00  -8.5900813e-01
  -4.4478521e-01  -7.8082204e-01   9.0864110e-01   4.1002732e-02   3.9781588e-01  -5.1812947e-01   2.4269147e-01   6.0880804e-01   1.3072627e+00  -4.1956231e-01  -3.8743553e-01   1.2901065e+00  -1.9135955e-01   9.1879296e-01  -6.6471893e-01  -6.9771910e-01
   3.7744612e-01   8.0385596e-02  -3.4384292e-01  -1.5588810e-01   5.3432280e-01   1.5663621e+00  -1.7124790e-01  -1.6550826e+00  -8.6126900e-01  -1.1302042e-01   8.3456039e-01   2.9962161e-01  -5.4988128e-01  -2.3484831e-01   4.6056166e-01   3.0077478e-01
   5.0966632e-01  -7.3303044e-01   3.8710406e-01   8.2298088e-01   3.6773416e-01  -1.4701554e+00   1.0912281e+00   1.0476592e+00   1.0983980e-02  -1.2901910e-01   1.3712114e-01   4.9369015e-02  -8.6645180e-01  -3.7257990e-01   7.2338736e-01  -5.8305746e-01
  -6.2176093e-02   1.0110903e+00   1.7278573e-01   9.5919794e-01  -7.7173151e-02  -2.3685549e-01  -1.3286670e-01  -1.9424954e-01   2.0034839e-01   2.5713134e-01   2.2901584e-01   2.1852954e-01   1.3244197e+00  -1.0253930e+00   9.9244940e-01  -1.3818607e+00
   9.5871228e-01   2.9856932e-01  -8.8199502e-01  -4.7406143e-01   5.9614563e-01   9.7641522e-01  -4.0054381e-01  -1.0740658e+00  -3.3016780e-01   2.0026800e-01   3.6494890e-01  -1.1669528e-01  -1.0159143e+00  -7.0834398e-01   8.6390513e-01   8.8890940e-01
   5.1226568e-01  -6.2596150e-02   5.1002485e-01  -2.1977322e-02   6.4133018e-01  -4.6317750e-01   6.8975282e-01  -4.1146567e-01   7.9922241e-01  -4.5937818e-01   8.6052155e-01  -3.5589582e-01  -8.5557193e-01  -1.2353297e+00  -6.6556817e-01  -1.3357352e+00
  -7.1215928e-01  -5.3495979e-01   4.1753563e-01   8.1818074e-01  -4.2283088e-01  -1.3945991e+00  -2.0476063e-01   1.4283464e+00   2.1617861e-01  -8.2353878e-01  -5.4997557e-01   6.4662611e-01  -1.6380684e-01   5.7547605e-01   3.9441299e-01  -4.4495299e-01
   7.1881449e-01   4.1296223e-01   8.0138379e-01   1.9441715e-01   8.7130010e-01  -8.8869292e-01   5.5843818e-01  -1.1137604e+00   1.1343747e+00  -5.4795986e-01   9.4051290e-01  -8.3409262e-01  -3.7596476e-01  -1.8818410e-01  -4.2556182e-01  -7.9330802e-02
   5.4358917e-01   1.8782322e-01  -7.6238657e-03   5.6006080e-01  -1.2592771e-02  -7.9632246e-01   7.0750523e-01  -2.8639594e-01   6.1134332e-01  -8.0805743e-01   1.0097492e+00   2.5681162e-01   1.2753753e-01  -1.4113758e+00   1.3471203e+00  -4.5100820e-01
  -1.0288819e-01  -3.5246387e-01   3.4789151e-01   1.6210726e-01   1.1819929e+00  -5.2489046e-02  -7.8863269e-01   9.0424234e-01   7.5674891e-01  -3.5205379e-01  -2.4403782e-01   7.8416133e-01  -9.9925745e-01   8.7760758e-01   2.8358528e-02  -1.3182676e+00
   1.1574198e+00   3.5763387e-02  -1.8500003e-01   1.1364188e+00  -1.1722593e+00  -3.8396576e-01   5.4133290e-01  -1.1041754e+00   4.0343318e-02  -7.8945911e-01   7.9205602e-01   1.0753059e-01  -6.8857455e-01  -1.9613948e-01   2.7466622e-01  -6.6912305e-01
   5.0109905e-01   2.9485109e-01   1.8906200e-01   5.4608303e-01  -3.9754245e-01  -1.3167377e+00   5.6299448e-01  -1.2745938e+00  -4.9733065e-02  -6.0718030e-01   3.6970624e-01  -5.1110303e-01   1.1227744e+00  -3.7196949e-01   1.0696067e+00   4.2723405e-01
   6.2562269e-01  -6.4579284e-01   8.7264115e-01   3.2809902e-02  -1.7451327e-01  -1.6219650e-01   3.3836029e-02  -2.4133827e-01   1.2595859e+00  -1.5714936e-02   8.4606391e-01   9.5211351e-01  -1.0809360e+00   6.1608362e-01  -1.1618069e+00  -4.5375395e-01
  -3.5148829e-01   2.3994046e-01  -4.6253687e-01  -9.7199738e-02  -3.6077306e-01  -2.8395879e-01  -9.0582579e-02  -4.6413127e-01   3.2799816e-01  -1.6559285e+00   1.3490738e+00  -1.0060985e+00  -7.6492900e-01  -4.1628978e-01  -2.7573490e-01  -8.0294746e-01
   1.7761461e+00   3.8765591e-01  -1.6073313e-01   1.2650311e-01  -2.3469192e-01   3.3421668e-01   5.8797562e-01  -2.6241133e-01   1.8192169e-01   3.3950967e-01   1.8076791e+00   2.6528776e-01  -4.2879862e-01  -4.4273692e-01  -1.4129744e-01  -4.3074483e-01
   9.5583314e-01  -2.8263342e-01  -8.1449765e-01   5.7151473e-01  -7.2839475e-01  -6.0875893e-01   8.7898618e-01   3.2559285e-01  -1.2518154e+00  -6.1966527e-01   1.3929279e+00   1.6600974e-01  -3.7836707e-01   1.0567410e-01   3.2043818e-01  -2.4667732e-01
   1.0797029e-01   6.0183281e-01  -6.2118411e-01   4.0129248e-02  -3.0289936e-01  -7.9207593e-01   8.0329788e-01  -2.1155617e-01  -6.5341479e-01  -1.3601381e+00   1.4543861e+00  -4.5332956e-01   5.9449238e-01  -5.2598441e-01   4.5460749e-01   6.2853926e-01
   4.3098923e-02  -6.2987220e-01   2.0858945e-01  -6.0559750e-01   1.8717583e+00   1.1216698e-01   1.7987925e+00   5.1160806e-01   1.7376426e-01   6.7692436e-02   1.5345372e-01   7.9435527e-02   2.1359293e-02  -2.2385292e-01   4.0103465e-02  -2.4673471e-01
   3.0587369e-01   6.8619782e-01  -3.2812402e-01  -6.4682078e-01  -7.8303076e-04   1.2215278e+00  -1.0898323e-01  -1.2327932e+00  -8.6421394e-01   5.8145362e-01   8.3048898e-01  -6.3459945e-01  -9.2006874e-01  -1.0937453e-01   9.2159379e-01   2.3175290e-02
   3.7239346e-01   1.6310948e-01   9.8620772e-02   3.9007440e-01   8.1306064e-01  -6.8469453e-01   1.0405213e+00   2.7465120e-01  -1.3332708e-01  -4.6645465e-01   3.0680561e-01  -3.9641717e-01   6.5365845e-01  -1.4290622e+00   1.5335013e+00  -2.7766171e-01
   2.6599094e-01   3.4358123e-01  -2.9758239e-01   3.6388990e-01   2.3869547e-01  -3.8819775e-01   4.8452979e-01   1.2750271e-01  -5.5091506e-01  -1.2172343e+00   1.0257339e+00  -8.8241374e-01  -2.6109803e-01  -1.3229471e+00   1.1428598e+00  -6.2537169e-01
   2.9346140e-02  -1.1480466e+00   8.3328515e-01   7.7921492e-01   6.1456400e-01  -1.5248866e-01  -2.7119818e-01   5.6632990e-01  -1.9358385e-02  -1.1044461e+00   8.4860557e-01   7.5940394e-01  -1.0166132e+00  -1.6281207e-01   8.1033915e-01  -5.9220499e-01
   1.5511446e+00   2.1445428e-01  -3.8543874e-01  -4.8339245e-01   5.6703162e-01   1.2385047e-01   7.2231305e-01  -2.0750788e-01   5.4468405e-01  -3.2858709e-01   1.5449268e+00   8.9696079e-02  -7.5266129e-01  -4.8984298e-01   7.7078265e-01  -2.5302815e-01
  -5.9842622e-01   1.9868469e-01  -6.0871232e-01   2.0542473e-01  -7.0326477e-01   1.0727626e+00  -7.1494257e-01   1.0694304e+00  -9.1701072e-01  -4.9805161e-01  -9.1932654e-01  -4.9237317e-01   7.6342654e-01  -5.3406513e-01   7.2924459e-01  -5.5951422e-01
   1.2812060e+00  -4.5363012e-01  -1.2386185e+00   5.5881214e-01  -2.7796379e-01  -8.2909781e-01   3.1222779e-01   8.2126373e-01  -5.3905439e-01  -2.0358527e-01   5.5446303e-01   2.0385928e-01  -1.0037295e+00  -2.2037278e-01   1.0112524e+00   9.9868931e-02
   8.5823137e-01   1.9018136e-01   2.0810251e-01   8.6434823e-01   1.2589404e-01   7.1668130e-01  -5.8755022e-01   4.1110912e-01   1.0170639e-01  -6.7982590e-01   6.7284721e-01  -2.0427442e-01  -1.1637557e+00   9.3324900e-01  -1.3429331e+00  -6.3043553e-01
   1.1530586e+00   2.0038618e-01   2.0530318e-01  -1.1408265e+00  -1.3710880e+00   3.9748135e-01   4.0452456e-01   1.3722928e+00   4.1296989e-02   7.1879631e-01   7.2540843e-01  -3.2412283e-02   9.8443655e-03   2.7194977e-01   2.8681576e-01  -2.6352191e-03
   6.8976164e-01   3.4461102e-01   6.1428124e-01   4.6129215e-01  -6.9329560e-01  -5.8069371e-04  -6.5621978e-01  -1.4037116e-01   4.3553871e-01  -6.3035685e-01   5.5870962e-01  -5.2976471e-01  -8.4564972e-01   1.2738311e+00  -1.0590411e+00   1.1158693e+00
   5.0261033e-01  -2.8814173e-01  -5.7038289e-01   1.4585401e-01  -6.4962161e-01  -5.2338678e-01   4.6788371e-01   6.8346381e-01  -1.1521205e+00   4.1813560e-02   1.1263528e+00   2.6759312e-01   8.6300838e-01   9.4578117e-01  -5.8130920e-01  -1.1354096e+00
   4.4009686e-01   2.8496164e-01  -2.8196418e-01   4.5169032e-01  -3.5613722e-01  -3.4226760e-02   4.5491047e-02  -3.6580345e-01  -5.8772022e-01  -6.8010187e-01   6.8607819e-01  -6.0110700e-01  -1.3510686e+00   9.8171592e-01  -1.0710897e+00  -1.2654344e+00
   6.2427795e-01   3.0106056e-01   4.4780457e-01  -5.8511746e-01  -3.1449345e-01   6.1669409e-01   5.0648826e-01   4.3922263e-01   1.2329532e+00   1.0883416e+00   1.3495085e+00  -9.2833155e-01  -5.4920107e-01  -1.8476683e-01  -3.0205584e-01   4.8316801e-01
   4.9668074e-02  -1.3522376e+00  -1.3143513e+00  -3.0484149e-01  -1.0185944e+00  -3.5809594e-01  -5.4730868e-01   9.2785341e-01  -4.9434006e-01   8.4903568e-02   5.1554125e-02   4.7515115e-01   7.2624135e-01  -4.7351021e-01  -3.5257906e-01  -8.1630588e-01
  -5.4666321e-03  -2.0467171e-01   7.5367382e-03   2.3005480e-01  -7.2234464e-01  -5.3098750e-01   6.5253270e-01   5.7860208e-01  -1.7456995e+00  -3.0351299e-01   1.7158672e+00   4.7701189e-01   1.2147280e-01  -2.8228774e-03  -1.1548588e-01  -3.6897089e-02
   2.3068337e-01  -3.5442224e-01   3.4780729e-01  -2.5582919e-01   7.1206611e-01  -8.9229606e-02   7.0067519e-01   1.6665503e-01   9.0672266e-01   1.7383887e-01   8.1402779e-01   4.7835055e-01   1.4985963e+00   4.5608419e-01   1.2020088e+00   9.7906893e-01
  -3.7357575e-01  -5.2163947e-01  -5.7573497e-01  -2.8047308e-01  -5.5686700e-01  -9.8725206e-01  -9.7934645e-01  -6.3734746e-01  -1.1918606e+00   8.2854944e-01  -6.5652466e-01   1.2692753e+00  -3.3124730e-02   4.4208962e-01   1.7940962e-01   3.8763502e-01
   3.5849088e-01  -4.7682229e-02   3.4649733e-01   5.2771278e-02   1.0719427e+00   6.0867466e-02   1.0116273e+00   3.4296903e-01   5.8307397e-01  -4.9293950e-01   7.1552181e-01  -3.2184047e-01   8.6233574e-01   1.1789221e+00   5.0351185e-01   1.3664042e+00
   7.7683312e-01   5.4337788e-02  -7.5539827e-01   2.7335793e-02   3.6948633e-01  -1.2919755e+00  -2.7571905e-01   1.3189708e+00  -8.5989028e-01  -2.8312206e-01   9.0038854e-01   1.9183779e-01  -7.5894606e-01   4.3850771e-01   7.0566255e-01  -5.1716584e-01
   1.1312470e-01   1.8533555e-01   1.9469196e-01   4.8868824e-02  -5.7598472e-01   1.0490053e+00   2.7717170e-01   1.1545447e+00   1.3088177e+00  -1.5102929e-02   9.4974399e-01  -8.9936209e-01  -8.1456363e-01  -3.7939113e-01  -8.7369025e-01   2.7515265e-01
  -8.0844015e-02  -1.1336116e+00  -3.6424074e-01  -1.0969980e+00  -3.8747811e-01   1.1822487e-01  -3.3863708e-01   1.8934971e-01   4.1787297e-01   9.9179363e-01   6.5673512e-01   8.4817976e-01   1.0079646e+00   6.0828257e-01   1.1206675e+00   3.2678762e-01
   1.5566429e+00   4.0153086e-01   2.1517408e-01  -1.5789226e+00  -4.4822595e-01  -1.1911462e-01  -8.3429314e-02   4.6420464e-01  -4.9186826e-02   4.0613410e-01   4.0911457e-01  -2.0087040e-03  -5.6168598e-01   8.4716326e-01   9.2037296e-01   4.7306722e-01
   6.9643416e-02  -1.1794294e+00  -8.1996733e-01   8.2255524e-01  -8.9849062e-02  -8.4741324e-01  -5.0260705e-01   6.9674790e-01  -1.0276252e+00  -7.4617958e-01   2.8731862e-01   1.2509278e+00   5.0674629e-01  -9.1237634e-02  -4.0978441e-01  -3.1255242e-01
  -5.5714303e-01  -6.4690250e-01   8.5289246e-01  -2.2258639e-01   1.2253757e+00  -6.5626264e-02  -4.6844777e-01   1.1400479e+00   6.7306769e-01  -1.1429597e-01  -1.8837532e-01   6.4260840e-01   4.0916425e-01  -1.0638410e+00   7.6035631e-01   8.2298523e-01
   5.5157888e-01   1.0030752e+00   8.4284937e-01   7.4880630e-01  -9.2155347e-03  -3.6234605e-01  -1.6857074e-01  -3.5922965e-01   9.4948387e-01  -1.0415415e+00   5.6852275e-01  -1.2922835e+00  -6.0623676e-01   4.5207292e-01  -4.3993720e-01   6.2021965e-01
   1.1114091e+00   1.6993339e-01   3.6709565e-01   4.3338293e-01  -1.1489863e+00  -1.0113758e+00   2.2295700e-01  -4.1013028e-02  -5.5688787e-01   2.1258512e-01   1.1866304e+00   2.0678855e-01  -7.2576359e-02  -1.7960609e-01  -1.1117383e+00   9.6912986e-01
   3.5701689e-01  -7.5365859e-01  -2.0858452e-01   7.9326296e-01   4.1715667e-02   2.3016135e-01  -1.0822435e-01  -1.9885123e-01  -3.3252564e-01  -1.4585096e+00   5.7122451e-01   1.3951157e+00   3.2258153e-02   1.0054647e+00  -1.7718512e-01  -9.8586631e-01
   1.4549075e+00  -3.1486467e-01   1.4919332e+00  -2.0544060e-01   1.1195029e-01   1.0659660e+00   2.2144457e-02   1.0523440e+00   3.4857196e-01   2.4597855e-01   3.3539417e-01   2.6714256e-01  -2.9004851e-01  -6.0757947e-01  -2.6065865e-01  -6.1009359e-01
   7.2709739e-01   7.8073852e-02  -4.6938038e-01  -5.6687313e-01  -9.1476524e-01  -2.4022219e-01   4.7849107e-01   8.0481559e-01  -8.3584601e-01   1.3646508e+00   1.5692877e+00  -3.3409545e-01  -9.8703623e-02   8.9103188e-03   5.6340657e-02   6.4787373e-02
   1.6925994e+00   3.0315837e-01   2.2116812e-01  -2.4865057e-01  -3.8881069e-01  -8.8362986e-01  -1.0259760e-01   2.1966963e-01  -6.1623182e-02  -2.9686075e-01   1.6690066e+00  -4.3086179e-02   1.0489415e-01   9.1101237e-02  -3.5258129e-01   9.5850068e-01
   5.8497733e-01   1.3454068e+00   1.4692692e+00  -1.2632532e-01   5.8811939e-01   1.1295462e-01   2.9523352e-01  -5.0585413e-01   7.0639992e-01   6.4978272e-01   8.5058349e-01  -4.2605934e-01  -6.4483029e-01  -3.8989076e-01  -6.2178528e-01   4.3658078e-01
   3.9989629e-01   5.3158742e-01   4.0026820e-01  -5.1342726e-01  -2.5682050e-01   1.4410344e+00   1.4334130e+00  -1.1032853e-01   4.8676419e-01   9.2033368e-01   7.9449171e-01  -7.2617716e-01   5.7147729e-01  -6.6492312e-02  -2.2674671e-01  -5.4714572e-01
   1.5945011e+00   2.2502451e-01   4.3612564e-01   2.2292846e-01   7.3534912e-01   3.8762376e-01   3.1741568e-01   2.4611978e-01  -4.9110335e-01   1.5952347e-01   1.5751266e+00   1.7307319e-02  -5.3081989e-01   4.0931633e-01   9.8650229e-01  -3.7981501e-01
  -3.2347843e-01   5.3403474e-02   2.3555379e-01   2.2152120e-01  -4.4483200e-01  -1.1025016e-01   1.9054224e-01   3.8364512e-01  -2.5319558e-02  -1.7150201e+00  -1.3003733e+00   1.1276327e+00   5.7779783e-01  -6.3772589e-01  -8.6513227e-01  -3.1189784e-02
   8.0798107e-01  -7.2828811e-01  -2.2388528e-01  -1.0149820e+00   1.5812446e-01  -8.2747206e-02  -4.5522975e-04  -1.6771960e-01   1.0106495e-01   1.1360589e+00   1.0543035e+00   4.8477656e-01  -7.6802337e-01   9.4562602e-01   4.5971659e-01   1.1548390e+00
   1.6630788e+00  -3.0873707e-01  -3.5896572e-01   4.6269816e-01   1.8294321e-02   8.2208472e-01  -2.0690137e-01   4.6693465e-01   3.9974056e-02   5.1558340e-01   1.2658637e+00   1.0418242e+00  -3.0320851e-02   4.4085079e-01   3.3818743e-01  -7.7073926e-01
   1.9053400e+00  -4.6244365e-01   4.6233855e-02   1.2673081e-01   1.8325648e-01   6.5049306e-02   1.2006437e-01   3.0476198e-01  -5.4646336e-02   8.0176868e-02   1.8995587e+00   3.6267272e-01  -2.5863266e-01   2.0421803e-01   3.6635867e-01  -2.0806076e-02
   1.7708592e+00  -1.6557818e-02   2.1837586e-01   4.3760917e-01   5.3061484e-03  -7.1624970e-01   2.6888004e-01   3.4297127e-01  -1.8146245e-01   3.9231837e-01   1.6766276e+00   3.7422246e-01  -2.7200747e-01   2.9985151e-01   3.2692549e-01   7.1615732e-01
   1.0304635e+00   1.2170125e+00  -9.9956602e-01   1.2488867e+00   2.5356603e-01  -3.6271089e-01   4.3036017e-01   1.7392975e-01  -5.3712434e-01  -8.9188886e-01   7.6505154e-01  -6.9487554e-01  -3.9461471e-02   4.1910034e-01  -3.9672640e-01   1.1878160e-02
   1.5571931e-01   4.8924506e-01  -4.0677050e-01   3.1652084e-01  -1.2112020e+00   1.3457757e-01  -5.8254457e-01  -1.0851588e+00  -3.6856785e-01   2.1556132e-01  -3.4803569e-01  -2.5087544e-01   1.1256802e+00   8.9543515e-01  -4.0022391e-01   1.3686408e+00
   2.9214516e-01  -1.0994259e-01   2.0683861e-01  -2.2735871e-01  -3.8817307e-01  -1.4772901e-01  -3.8441864e-01  -8.2898680e-03   1.0428607e+00   5.5740887e-01   1.2170109e+00   1.3442008e-01  -5.9539282e-01  -1.4061669e+00  -1.0183638e+00  -1.1051836e+00
   4.0840659e-01  -6.2869035e-02  -1.2948596e-01   3.9613017e-01   3.1342205e-01  -3.7208337e-03  -1.7940992e-01   2.4772647e-01  -1.5171559e+00   8.3175562e-02   7.3283726e-01  -1.3292222e+00   8.6797708e-01  -8.1788731e-01   2.1294630e-01   1.1762354e+00
   8.0463839e-01   2.0382133e-01  -2.8331912e-01   8.1435633e-01  -9.7291642e-01  -5.4301989e-01   6.4374429e-01  -8.8493639e-01  -3.1347099e-01  -1.3396277e+00   1.3649468e+00  -1.6328129e-01   4.1838077e-01  -4.0842328e-02   1.0066354e-02   4.1133058e-01
  -1.9700560e-01  -6.0676473e-01   6.2445730e-01  -1.9955430e-03   4.5712751e-01  -3.5843366e-01   1.9993675e-01   5.6272638e-01   1.1846957e+00  -8.0405450e-01   4.4813091e-01   1.3521242e+00  -1.0382566e+00  -3.5721192e-01   6.1628973e-01  -9.1898829e-01
   4.6526742e-01   8.2946450e-01  -6.2144899e-01   6.6601652e-01  -1.4494470e+00   2.6372246e-02  -5.0587338e-01  -1.3668647e+00  -5.5665970e-01  -5.2816534e-01   3.7701771e-01  -7.0985806e-01   5.7473624e-01  -2.7344632e-01   4.4328281e-01   4.5106050e-01
   4.4022694e-01  -5.0186706e-01   6.1441559e-01   3.1586093e-01  -8.9567447e-01  -6.7822725e-01   4.5917130e-01  -1.0315489e+00   6.1910552e-01  -1.8967390e-01   3.2110977e-01   5.3408182e-01  -7.1142954e-01   1.1690614e+00  -1.2867831e+00  -4.5125213e-01
   3.7739477e-01  -3.9093658e-01   1.8418460e-01   5.1604921e-01  -5.6671095e-01  -3.8473752e-01   5.8613497e-01  -3.1212720e-01   1.8654202e-01  -1.7333286e+00   1.4356635e+00   1.0034403e+00  -1.2603661e-01  -4.2478988e-01   4.3225399e-01   6.2662132e-02
   3.7252674e-01  -3.1258664e-01  -3.7041113e-01   3.6380932e-01   6.4331509e-02   1.3303004e-01  -6.9735661e-02  -1.3558240e-01  -2.4128652e-01  -1.5280120e+00   3.2847685e-01   1.5490718e+00  -1.1513838e+00  -1.5150206e-01   1.0899265e+00   1.0831445e-01
   6.2869191e-01   3.5931949e-02  -1.1254340e-01   6.0194349e-01   2.9765204e-01   7.2424167e-01  -7.4704629e-01   1.9011503e-01  -6.9793338e-01  -1.0918888e+00   1.1750225e+00  -5.6678456e-01  -7.8485146e-02  -1.1422963e+00   1.1515250e+00   5.3323019e-02
  -3.6433113e-01  -7.4911386e-01  -1.8367546e-02   8.3009112e-01  -1.4904430e+00  -9.8221999e-01   8.6939770e-01   1.5547340e+00  -8.5519619e-02  -2.4578485e-01  -5.2615251e-02   2.4870773e-01   2.1959463e-01  -6.2998056e-02  -2.6520577e-01  -5.1018875e-02
   1.8853438e-01   2.6868743e-01  -2.4814112e-01   2.1661896e-01  -5.4551554e-01   1.1261984e+00  -1.1355046e+00  -5.1088971e-01  -1.5110557e+00   3.2312196e-02  -8.8199802e-02  -1.5163660e+00   2.0469430e-01   1.0878705e-02  -1.8022032e-02   1.8344773e-01
  -8.4980303e-01   7.4787390e-01   1.0473315e+00   3.7902930e-01  -3.5488418e-01  -6.3967371e-01  -3.9412829e-01   6.1780155e-01   1.1084428e+00  -6.6740626e-01  -1.1273774e+00  -6.3473809e-01   7.1205384e-01   4.7929138e-02  -3.2159895e-01  -6.6717267e-01
  -2.0770904e-01   1.0827396e+00   1.0970880e+00   1.1330308e-01   4.1168805e-02  -1.6108702e-01  -1.5064608e-01  -5.3627767e-02   1.4747809e+00  -1.8042617e-02  -9.9290684e-02  -1.4726530e+00   7.6260608e-01   3.9380356e-03  -2.8796291e-02  -7.6065469e-01
   1.2536645e+00   4.1869488e-01  -1.0880848e+00   7.3364741e-01  -5.4458982e-01  -4.0168998e-01   6.4328212e-01  -1.7273796e-01  -5.4700083e-01  -5.5962360e-01   7.7831829e-01  -4.9126208e-02  -1.5816398e-01  -1.0759566e+00   9.1841209e-01   6.1847287e-01
   8.6697662e-01  -5.5871195e-01   8.8025826e-01  -5.2048182e-01   4.2932016e-01  -8.7217772e-01   4.2339587e-01  -8.8471460e-01   1.2711645e+00   4.7211055e-02   1.2587464e+00   6.4172097e-02  -4.8793507e-01  -3.6744213e-01  -5.1312977e-01  -3.7469622e-01
   3.4737265e-01  -8.6594081e-01   2.8424168e-01   8.9736211e-01   5.5331074e-02   8.9120740e-01  -6.2435657e-01  -6.6885179e-01  -1.8995781e-01  -9.9589902e-01   7.7873474e-01   6.4461315e-01  -1.0895984e+00   3.4211567e-01   5.9782231e-01  -9.4732183e-01
   4.9028206e-01  -1.3930002e-01  -1.9710653e-01  -4.6843243e-01  -5.7445008e-01   2.0116957e-01   2.2634849e-01   5.6575507e-01  -3.0833209e-01   1.4832082e+00   1.5099990e+00   1.4152208e-01   1.7030908e-01  -1.0226321e+00  -1.0327866e+00  -6.0285952e-02
  -5.6408101e-01  -6.7923295e-01  -8.9456230e-01  -1.0748943e-01  -2.1263427e-01   1.1218587e+00   5.9378880e-01   9.7993368e-01  -1.2121521e+00  -2.7416781e-01  -1.0759803e+00   5.9163052e-01   6.1003494e-01  -7.1757329e-03   4.2401230e-01  -4.3336147e-01
   1.2857732e+00   4.3967655e-01  -1.1929699e+00  -6.1674142e-01  -1.0168909e+00  -1.3792095e-01   9.9329114e-01   3.0091190e-01  -7.1614456e-01   3.9068311e-01   7.9242516e-01  -2.5468370e-01   2.1921968e-01  -6.2195605e-01  -3.5143417e-01   5.5042750e-01
   6.1693627e-01   1.2368782e+00  -1.2616094e+00  -5.8820951e-01  -8.7503070e-01   5.0551540e-01   3.8933116e-01  -9.1495955e-01  -8.6897916e-01  -3.1667266e-03   6.6262126e-01  -5.3962803e-01   3.7031609e-01   4.1955787e-01  -5.7625806e-01  -1.0622235e-01
   1.1501546e+00   1.1983637e+00  -4.1662657e-01   1.5861198e+00  -8.1894463e-01  -5.4420197e-01   3.8631331e-02  -1.0015053e+00  -1.7053269e-01  -4.5031938e-01   3.1210849e-01  -4.0494859e-01  -5.7395522e-02   1.9768475e-01  -2.0819922e-01   3.7401296e-02
   1.3180227e+00   3.8347067e-03   9.2939166e-03   1.3195103e+00  -3.5181135e-01  -1.1163534e+00   1.1320584e+00  -3.4376371e-01   1.3356486e-01  -7.7832347e-01   7.7947301e-01   1.3949075e-01   2.1288373e-01  -4.7311556e-01   4.4045889e-01   1.9503051e-01
   1.6750998e+00   7.0481247e-01   4.5600256e-01   1.8301049e-01  -2.0494615e-01  -2.7033776e-01   1.1700418e-02  -2.6650733e-01  -6.4365900e-01  -1.4387467e-02   1.8617431e+00  -3.0561498e-01   7.8376070e-02  -4.0193006e-01  -1.8384637e-01   3.0678713e-01
  -1.3615078e-01  -6.1077732e-01   6.3340378e-01  -1.7182283e-01   2.1735580e-01  -1.1197355e+00   1.1493827e+00   1.7073990e-01   8.2072473e-01   6.3448972e-01  -5.9541780e-01   8.3552301e-01   1.0231035e+00  -4.2948329e-01   4.6661219e-01   9.7401011e-01
   1.3256634e+00   5.5655420e-01   1.2628477e+00   6.5717977e-01   3.1333876e-01  -2.7343997e-01   3.2103559e-01  -2.7499670e-01   1.1718303e+00  -8.7245956e-02   1.1863772e+00  -4.6842456e-02   3.8116121e-01  -4.8356095e-01   3.6097237e-01  -5.0463563e-01
   1.0531846e+00  -4.3153471e-01   8.8351113e-01   7.2878772e-01   7.3300582e-01  -9.8495835e-01   1.2077507e+00   1.7270432e-01   8.0301404e-01  -4.3682739e-01   7.5795561e-01   5.0053406e-01   5.7547057e-01  -1.7413640e-01   4.3468475e-01   4.3105251e-01
   1.1091176e+00   1.2420890e+00  -7.1145564e-01   1.5176200e+00   2.1134248e-01   6.0719669e-01  -4.5544043e-01   4.5792598e-01  -4.6521199e-01  -4.9391440e-01   2.4979210e-01  -6.0424840e-01   9.9566028e-02  -5.8603090e-01   5.6558895e-01  -1.6166270e-01
   8.1039625e-01   1.3892918e+00   1.6182953e+00   1.4389494e-01  -4.8236415e-01   2.8269592e-01  -4.9178418e-02   5.4367584e-01   6.2324816e-01  -2.1257259e-01   1.9887604e-01  -6.2299335e-01   4.4914597e-01  -6.8203908e-01  -2.9196650e-01  -7.4128002e-01
   1.4999846e-01   1.2320634e+00  -1.1682475e+00   2.7523145e-01  -4.0186405e-01   5.4709953e-01  -6.1133105e-01  -3.3164605e-01  -1.1820837e+00  -7.6955962e-01   6.4613312e-01  -1.2832689e+00  -7.8615472e-02  -5.4614909e-02   3.1820055e-02  -1.0222886e-01
   8.6624378e-01   6.8308234e-01  -8.6681491e-01   6.8483746e-01   6.3786054e-01  -2.0918144e-01   4.5446858e-02   6.6129410e-01  -9.0462607e-01  -7.3167813e-01   9.4101614e-01  -7.1973586e-01   3.2009473e-01  -9.3607432e-01   8.2227087e-01   5.1048392e-01
  -7.8470165e-01  -1.3529787e+00   8.6463103e-03   1.5515356e+00  -5.6794393e-01  -4.4214588e-01   2.2355749e-01   6.8855381e-01   5.2230251e-01  -6.6071784e-01  -7.8563410e-01   2.6073703e-01   4.8929554e-01   2.9475433e-01  -2.8486007e-01  -5.4975289e-01
   1.7120422e-01  -1.7621037e-01   2.2228463e-01  -1.6245572e-01   1.2913276e-01  -4.0950897e-01   1.9663766e-01  -3.9241144e-01   4.5936874e-01  -5.4232323e-01   5.3954929e-01  -4.4781694e-01  -1.2260073e+00   1.3217558e+00  -1.4802135e+00   1.0241382e+00
   1.6540773e+00  -5.0867945e-01  -9.0906674e-01  -1.4767560e+00  -2.1001893e-01   6.6420183e-02   9.6075065e-02   2.0548746e-01  -1.3339899e-01   1.6963890e-01   1.8797900e-01   1.1036682e-01   9.3258893e-01  -2.0114361e-01  -4.3002796e-01  -8.4195799e-01
   5.0026387e-01   2.2073202e-01  -4.6277285e-01  -2.6378763e-01  -2.8331989e-01  -1.7357320e+00  -9.6525699e-03   1.7554758e+00   4.4137493e-02   2.6548859e-01  -8.6027617e-03  -2.5177163e-01  -5.0602877e-01   5.2865958e-01   5.8858949e-01  -4.7388649e-01
  -1.0235477e-01   6.6496253e-01  -4.5560700e-01  -4.4201744e-01   6.9559097e-01  -1.5092583e+00   8.4274334e-01   1.4424617e+00  -7.8501499e-01   3.3930430e-01   1.5527701e-01  -8.5557950e-01   2.2997563e-01  -3.7098255e-02  -8.2357891e-02   2.0789589e-01
   2.5950801e-01  -3.2482663e-01   2.5902295e-01   3.1163603e-01   6.8615206e-02   1.2053318e+00  -1.1563344e+00  -2.1010710e-01   9.0132791e-01  -7.7154011e-01   5.5982494e-01   1.0748850e+00   2.1809095e-01  -9.5623261e-01   8.9056331e-01   4.3892053e-01
   4.9469626e-01   2.5043860e-01   3.0282617e-01   4.6310636e-01  -1.5655202e-01   9.6844256e-01  -5.9932083e-01   8.1963062e-01   6.7228365e-01  -5.2794766e-01   8.6399841e-01  -1.7227915e-01   9.7159803e-02   1.4106853e+00  -5.4142821e-01   1.2623515e+00
  -2.6722562e-02   7.6912153e-03  -2.3914417e-02   6.3855960e-03   1.6093302e+00  -3.2741034e-01   1.5357629e+00   5.9298730e-01  -1.5583210e-01  -8.4986293e-01   3.3534855e-01  -8.0678988e-01   1.9609424e-01  -7.1908426e-01   5.1468444e-01  -5.1080018e-01
   1.9653250e-01  -6.6732460e-01  -6.9633323e-01  -1.1278701e-02  -1.5433462e-01  -5.7179999e-01  -5.4190743e-01   2.9959515e-01  -1.0869757e+00   2.5783500e-01   5.1750845e-01   9.7446960e-01   1.2960042e+00  -4.8749992e-01  -7.7070522e-01  -1.1489905e+00
   2.7829117e-01  -6.2445956e-01  -3.8127029e-01  -5.5964458e-01   8.4564686e-02  -1.2890352e+00  -1.0634688e+00  -7.8792834e-01   1.4212384e-04   6.9100566e-02   6.9758438e-02   3.2083020e-02   1.2139778e+00   6.2074500e-01   1.1342669e+00  -7.0510739e-01
  -2.0040694e-01  -6.2860560e-01  -6.6124386e-01   1.3204317e-01   4.9312028e-01  -6.1044592e-01  -5.2406156e-01  -5.8190322e-01  -4.2109939e-01  -8.2339424e-01  -8.6437750e-01   3.1981769e-01  -9.1665196e-01  -1.1195209e+00  -1.2262310e+00   7.6091701e-01
   8.1815165e-01  -9.4042346e-02   6.4630109e-01  -5.7416767e-01  -1.1123639e-01  -3.1895193e-01  -3.1669024e-01  -2.1071827e-01  -1.0245084e-01  -1.3104807e-01  -1.3562451e-01  -6.2613286e-02   9.3052316e-01   1.5212288e+00   1.5675362e+00   7.9274672e-01
   1.4307360e-01  -2.7191204e-01  -2.7662143e-01  -1.1364125e-01  -6.7372240e-02  -1.7706051e+00  -1.7654283e+00   1.7947550e-01  -4.4209367e-01   4.9346003e-01   5.2839631e-01   4.4172952e-01   3.5461158e-01   4.4867924e-01   3.9270142e-01  -3.6479527e-01
   1.2617087e+00  -1.0612900e-01  -6.3222951e-01   1.0611206e+00   1.2098708e+00   3.8732216e-01  -1.0514138e+00   7.4687487e-01  -2.0515065e-01  -6.1944097e-01   6.3571119e-01   1.7249300e-01   1.9983694e-01   5.6328762e-01  -5.9342796e-01  -1.5803975e-01
   9.2235178e-02   3.1852165e-01  -1.0743022e-01  -2.8749374e-01  -7.5931777e-03  -8.0192405e-01   6.5186992e-02   7.5136757e-01  -2.6930301e-02   6.4369756e-01  -4.3099806e-02  -6.6470408e-01  -4.4408628e-01   1.6231489e+00   1.9359341e-01  -1.6899221e+00
   1.1474187e+00  -3.3336452e-01   2.1516402e-01   1.1755304e+00  -1.4276163e-01   7.2674847e-01  -6.8760163e-01  -2.0096478e-01   3.3590454e-01  -2.6250035e-01   2.3887227e-01   3.4962434e-01   1.3219296e+00   3.0743885e-01  -4.8092264e-01   1.2837702e+00
   3.3186769e-01   6.4961952e-01  -7.0320517e-01   1.7937340e-01   8.6401039e-01  -3.2582760e-01   1.5351239e-01   9.0619028e-01  -1.2647008e+00  -8.6136162e-01   1.0803909e+00  -1.0793897e+00  -3.1914482e-01   4.1462693e-01  -3.8542092e-01  -3.8432413e-01
   7.1581155e-01  -3.5753521e-01   4.8186547e-01   6.1576837e-01  -1.1608928e+00   1.0470856e+00  -1.2574754e+00  -9.2042446e-01   1.8351085e-01  -2.8716305e-01   3.5618219e-01   1.2282043e-01   1.3665843e-01   8.8368988e-01  -8.4875208e-01   3.1285664e-01
   7.9106939e-01  -2.0762368e-01  -8.0697650e-01  -2.6990181e-01  -1.4897803e-02   2.9020682e-01   1.3940449e-01  -2.2328429e-01  -9.6168834e-01   4.2443907e-01   1.0321084e+00   1.7120083e-01   1.4565799e+00  -1.4156801e-01  -1.3021506e+00  -6.4536691e-01
   2.2788335e-01   3.5361099e-01  -3.0154845e-01   2.7379447e-01   3.4886488e-01  -6.5794158e-01   7.0530742e-01   2.4258049e-01  -2.2547291e-01  -5.5421623e-03  -1.4566920e-02  -2.2982095e-01   1.6534170e+00   6.9554150e-01  -4.3609694e-01   1.7420079e+00
   2.2455141e-01   2.5336304e-01   2.6051554e-01   1.2747352e-01  -1.0394350e+00  -1.6806102e-01  -1.0149097e+00   3.1925741e-01   1.3418816e+00  -5.9496135e-01   8.9436382e-01  -1.1708241e+00  -3.0752835e-01   7.2630215e-01   5.5662394e-02   7.8108990e-01
   4.1405728e-01   5.5166119e-01   6.2875134e-01   2.3744415e-01  -1.2681662e+00   7.5773317e-01  -7.2730643e-01   1.2788118e+00   6.7173797e-01  -5.7114816e-01   3.0553034e-01  -8.4393424e-01  -7.0156401e-01   2.6867700e-01  -4.8900157e-01   5.8246130e-01
  -1.2129922e+00   6.9922704e-01   1.3906084e+00  -1.5106601e-01  -4.2132273e-01  -5.7650381e-01   1.3647881e-01   7.1726555e-01   8.9470518e-01   1.1772693e-01  -7.7412033e-01  -4.6345273e-01  -7.1271855e-01   4.5556229e-01   8.1932873e-01  -1.5792510e-01
   1.1142671e+00   2.9640573e-01  -1.1623740e+00   4.9211800e-02   9.3762374e-01  -1.1308265e+00  -5.9608364e-01   1.3132715e+00  -6.7367268e-01  -1.8712725e-01   7.3643619e-01  -4.1899923e-02   9.9236824e-02  -1.1809620e-01  -7.3881321e-02   1.3005744e-01
   1.4564021e-01   1.0380733e-01   1.5700829e-01  -6.0579121e-02  -8.2683188e-01  -1.7283708e-01  -7.2642481e-01   4.7456348e-01   9.3270409e-01   1.5037613e+00   1.7208557e+00   3.6442071e-01  -4.7276337e-02   3.4787810e-01   2.1723974e-01   2.7827150e-01
   4.6581302e-02   1.2227009e-01   1.3477208e-02  -1.3233976e-01  -1.1783490e+00  -1.7303827e-01   9.1592014e-01   7.0347708e-01   1.4826101e+00   2.0258553e-01  -1.2211412e+00  -8.9304274e-01   6.7855209e-02  -5.6626278e-01  -3.5324052e-01   4.8479357e-01
   1.8122363e-01   7.8018367e-01  -2.3484616e-01   7.5920045e-01   2.5801452e-02   1.3608185e+00  -6.9276929e-01   1.1740550e+00   4.6010631e-01  -1.0903064e+00   9.6877742e-01  -6.9839847e-01   3.1920347e-01   6.0184155e-02   2.2284783e-01   1.8486878e-01
   8.8970250e-01  -7.9933143e-01   1.1624057e+00  -2.8511739e-01  -8.5704589e-01  -8.9167809e-01  -3.2826510e-01  -1.2063100e+00   3.2083410e-01   4.0402770e-01   7.5565621e-02   5.2078772e-01   7.0649898e-01   5.2399188e-01   3.4641466e-01   7.7951652e-01
  -9.3110979e-01   4.2556107e-01   7.5356930e-01   7.2424126e-01  -7.1825647e-01   1.0444186e+00   1.2224127e+00   3.4762940e-01   2.8975952e-01  -1.0842695e+00  -1.1051210e+00   6.0428053e-02  -2.6192451e-01  -1.3047673e-01  -5.3100076e-02   2.5437295e-01
  -1.1290597e+00   8.0941343e-01   7.9590365e-02  -1.3579017e+00  -1.1593183e+00  -3.8512719e-01   1.0384429e+00  -6.8335092e-01  -9.2920661e-03   2.7180347e-01  -1.7604569e-01  -1.4863503e-01  -1.9770223e-01   6.8167627e-01  -4.0393505e-01  -6.2304765e-01
  -3.3562809e-01  -5.5144942e-01  -5.8297610e-01   3.2652313e-01   1.2517000e+00  -3.8817412e-01  -3.2320574e-01  -1.2818365e+00  -1.0133913e+00  -2.5829583e-01  -3.2741007e-01   9.6509457e-01  -3.3543217e-01  -8.1217682e-01  -8.4400338e-01   2.3453851e-01
  -3.2928295e-02   6.7907941e-01  -1.1027508e-01  -6.3663238e-01   2.6822999e-01  -5.8313984e-01  -1.5044168e-01   6.1692375e-01  -1.8737900e-01   1.2810231e+00  -9.1610678e-02  -1.3019996e+00  -1.1872592e+00   2.0012930e-01   1.1186428e+00  -4.7366080e-01
  -7.3098552e-01  -6.5612400e-01  -6.7279863e-01   7.8701276e-01   9.3796484e-02   7.2060442e-01   7.2443169e-01  -1.3079776e-01  -6.3565448e-02  -1.4272983e+00  -1.3906491e+00   3.0472895e-02  -6.4425421e-01  -2.2540718e-01  -2.2816195e-01   6.3178486e-01
  -2.2979888e-01  -5.3382289e-01   5.6674927e-01  -5.8510243e-03  -1.0046304e+00   1.1346349e+00  -6.5475082e-01  -1.3457637e+00   1.5761311e-01  -6.7545992e-01   5.9648949e-01   3.9765206e-01  -7.6702434e-01  -5.4418057e-01   7.8700012e-01  -5.5288959e-01
   1.1156260e+00  -4.2339042e-01  -4.5786268e-01   1.0765816e+00  -6.4246285e-01   1.2360584e+00  -4.4514719e-01  -1.3412181e+00   1.3881518e-01  -1.9760449e-01   4.7204245e-02   2.3185563e-01   5.7201630e-01  -4.9999991e-01  -8.1238374e-02   7.5612611e-01
   4.0833563e-01   4.7942776e-02   4.1101775e-01  -9.0832442e-02  -4.8720905e-01  -1.3167145e+00  -8.5384828e-01  -1.1426197e+00   1.2874433e-01  -2.7680266e-01   5.5105846e-02  -3.0113816e-01   7.3794240e-01   1.1054862e+00   9.8336565e-01   8.5290599e-01
  -5.0118792e-01  -1.8134905e-02   5.0266820e-01   1.3961630e-01  -1.8484527e-02  -9.3563223e-01  -1.8715993e-01   9.1927505e-01   9.7864854e-01  -2.6861903e-01  -1.0114990e+00   5.5751503e-02  -8.9866233e-01   1.0174621e+00   1.1016041e+00  -7.7972192e-01
   6.7211598e-01   9.0117782e-02  -1.9602369e-01  -6.5419763e-01   4.1700903e-01   2.1844508e-01   2.9821533e-03  -4.7426990e-01  -3.0800126e-02   2.8397736e-01   2.4518366e-01  -8.9811109e-02   1.6662800e+00  -6.7855948e-01  -1.3099288e+00  -1.2347329e+00
   7.4676114e-01  -8.3426684e-03   2.6103652e-01  -7.3890918e-01   7.7733362e-01  -5.5593705e-01  -2.6927644e-01  -9.1136742e-01  -1.4055921e-01   9.6207035e-01   8.5758477e-01   4.6481103e-01   3.2469764e-01  -1.2158124e+00  -1.0058949e+00  -7.2072679e-01
   5.3637618e-01  -2.4726288e-01  -5.8042383e-01  -4.6197634e-02   5.2200496e-01  -1.2477072e+00  -1.0324702e+00   8.7946033e-01  -5.2645105e-01   5.5187523e-01   7.2352672e-01  -2.7758548e-01   9.8193657e-01  -5.2534044e-01  -1.1020830e+00   7.9983331e-02
  -9.1145672e-02  -1.4359037e+00  -8.4223980e-01   1.1332043e+00  -4.4928563e-01   1.1627151e+00   1.0954454e+00  -5.8734995e-01  -4.8941452e-02  -2.2790611e-01  -1.2955076e-01   2.3136631e-01  -3.3134019e-01  -4.6041998e-01  -6.3833214e-02   6.2218267e-01
  -1.5242834e-01   5.4493994e-01   7.9704583e-02   5.6795877e-01  -1.1765728e+00   1.0490681e+00  -6.6009235e-01   1.4422286e+00   3.9884233e-01  -2.2577997e-01   2.7338895e-01  -3.5737547e-01   9.7962630e-01  -1.5880474e-01   8.1103992e-01  -5.4321247e-01
   7.1474630e-01  -7.1678287e-01  -3.5748944e-01   9.1772759e-01   3.0583516e-01   6.1793190e-01  -5.2667445e-01  -4.5787510e-01  -4.5607805e-01  -4.4168238e-02   4.6789268e-01  -1.5734963e-01  -5.6429219e-01  -1.4041371e+00   1.0692874e+00   1.0751201e+00
   3.1839171e-01  -2.6820058e-01  -4.0535894e-01   1.0587523e-01   9.4930851e-01  -5.4666258e-02  -9.0846705e-01  -3.0488464e-01  -6.5909421e-01   1.0556801e-01   6.7589593e-01   1.5041333e-01  -1.4533100e-01  -1.5671149e+00  -5.0058055e-01   1.4751838e+00
   1.2933896e-01   3.0148137e-01  -3.1476113e-01  -1.7657630e-02   1.3831962e+00   1.0628814e+00  -1.5475880e+00   8.6450690e-01  -7.7245647e-01  -1.6990377e-01   4.4498926e-01  -6.2549794e-01   4.5636061e-01  -1.2494314e-01  -7.8250639e-02   4.0351835e-01
   5.7534975e-01   1.3300288e-01   3.6573467e-01   4.2773497e-01  -1.2243291e+00   7.3168445e-01  -1.3964922e+00  -5.0770499e-02   4.0029615e-01  -9.3355238e-02   3.8029516e-01   1.5449147e-01   3.2193285e-01  -1.1594594e+00   9.3926299e-01  -8.2450348e-01
  -3.6581481e-01  -8.8372838e-01   6.9308913e-01  -6.5923893e-01   2.8162220e-01  -1.2753611e+00   1.2863673e+00  -1.9454952e-01   7.2683841e-01   7.3937750e-01  -4.0889838e-01   9.4332165e-01  -5.1992440e-01   1.8453299e-01  -3.5048079e-01  -4.6103248e-01
   2.2570075e-02  -5.8715969e-02  -4.0393919e-03   8.7266348e-02  -5.4483759e-01   4.0953600e-01   3.5698137e-01  -5.8413541e-01  -1.0113358e+00  -4.3760151e-01   1.1041514e+00   1.9052444e-02   5.7841605e-01  -1.4080538e+00   4.4037029e-02   1.5173219e+00
   1.0689996e-01   3.1793842e-01  -2.5746480e-01  -2.0974071e-01   5.1679206e-01  -3.4724292e-01  -2.5589737e-01   5.3924817e-01  -9.0257645e-02   1.3981124e+00  -6.3083678e-01  -1.2480925e+00   2.3810388e-01   1.2166667e+00  -8.1978804e-01  -9.5168555e-01
   8.1610787e-01  -6.6342312e-01   9.6894187e-01  -5.0542617e-01  -2.7035961e-01   5.4544908e-01  -3.9883596e-01   4.9831209e-01   5.3486222e-01   4.4936851e-01   4.4520178e-01   5.3752643e-01   1.2429041e-02  -1.4265568e+00   2.7197132e-01  -1.3554347e+00
   7.4571878e-01  -4.2553088e-01   6.1099660e-01   6.2004113e-01  -1.1746488e+00   9.0128434e-01  -1.1611543e+00  -9.0618551e-01   2.0679644e-01  -1.0102180e+00   1.0280271e+00  -5.6246549e-02  -7.7278964e-02  -3.7897289e-02   1.3077104e-02  -1.1227985e-01
   1.7270854e-01  -6.2415004e-01   6.6063350e-01  -3.5599217e-02  -1.3019733e+00   1.9403806e-01  -6.4169341e-01  -1.1507057e+00   1.0074624e+00  -7.3927999e-01   1.0627823e+00   6.6033316e-01   5.2923089e-01  -7.8882001e-02   2.5935277e-01   4.3999067e-01
   6.4041033e-02   4.7725904e-01   4.2175454e-01   1.8855619e-01  -7.3507577e-01  -1.1492592e+00  -1.3819903e+00  -5.9745587e-02   9.4857973e-01  -4.7554463e-02   4.5659068e-01  -8.3171529e-01   9.5755018e-02   9.9787527e-01   8.8522011e-01   4.3504331e-01
  -5.6192231e-01   1.0872496e+00   1.2445222e+00  -4.7138184e-02  -1.0386449e+00  -6.8466675e-01  -8.0697626e-02   1.2404612e+00   9.3446052e-01   1.5599525e-01  -3.3620030e-01  -8.5171783e-01   1.4738376e-01   1.8790027e-01   6.7892551e-02  -2.4621753e-01
   6.5641505e-01   5.3786260e-01  -4.5577265e-02   8.3323753e-01   2.0693481e-01   8.1688726e-01  -5.8001149e-01   6.1939830e-01  -9.1231930e-01  -1.1058422e+00   3.5343114e-01  -1.3924311e+00   1.5449089e-01   7.0043933e-01  -4.8897344e-01   5.2980846e-01
  -6.1581981e-01   8.3042949e-01   5.7972229e-01  -9.0954405e-01  -1.7309593e-02   1.4178765e-01   9.1182720e-03  -1.4026570e-01   7.2043562e-01   5.4070091e-01  -7.1270895e-01  -5.0830889e-01  -1.0895435e+00   9.5512313e-01   1.0385555e+00  -9.8588264e-01
   1.5703136e+00   2.1082425e-01  -1.3914188e+00  -6.3863707e-01   2.2138880e-01  -9.1795433e-01  -5.1050591e-01   8.1276870e-01   2.0960810e-02   4.0518260e-01   1.4264253e-01  -4.1596812e-01   6.5829474e-01   7.1680238e-03  -7.0207995e-01  -2.2044064e-01
  -2.1116298e-01   3.5776761e-01  -1.0346847e-01   3.9158210e-01   6.4510584e-01   2.6823923e-01   6.9390690e-01   4.0175728e-02  -6.2693405e-01  -7.6390785e-01  -8.4429437e-01  -5.5099976e-01  -1.3641508e+00   7.0837158e-01  -1.0808918e+00   1.0807757e+00
   1.0642862e+00  -4.1037884e-01   9.1507423e-01   6.6493100e-01  -3.5076338e-01   1.2546373e-02  -1.9169869e-01  -3.1873679e-01   6.4236510e-01  -3.9334595e-01   6.5085328e-01   3.3083844e-01   7.3452532e-01  -1.2119448e+00   1.4313127e+00   2.1075200e-02
  -5.4178351e-01   3.9413026e-01   2.5092095e-01  -6.0713857e-01   2.4925713e-01   5.5208480e-01  -5.1315778e-01  -3.4722951e-01   5.4121450e-02   1.2715083e+00  -7.1696079e-01  -1.0430349e+00  -7.3322630e-01   1.0133716e+00   7.0406675e-02  -1.2560295e+00
   3.8683057e-01   1.7690847e-02  -2.9305745e-02   3.9232323e-01   3.3837265e-01   1.4902845e-01  -1.6525608e-01   3.1945169e-01  -2.6577380e-01  -1.4742832e+00   1.5102177e+00  -1.5320827e-01   1.1032189e+00  -5.0210124e-01   4.1141498e-01   1.1146172e+00
   1.0881096e+00  -4.8180369e-01  -1.0436686e+00  -5.6986570e-01   7.0395154e-01   6.1898714e-01   3.5661608e-02  -9.3037683e-01  -4.3916380e-01   3.1816408e-01   5.2516735e-01   1.3877159e-01   1.0133213e+00   6.1990023e-01  -2.0270281e-01  -1.1760058e+00
   6.9872171e-01  -7.7138495e-01  -1.1264025e-01   1.0144283e+00  -1.5114629e-01   8.1221235e-01  -3.6466679e-01  -7.3603100e-01   1.2712233e-01  -1.2996215e+00   6.7129189e-01   1.1530316e+00   2.7088437e-03  -7.2734833e-01   4.3094769e-01   5.6364346e-01
   3.5037667e-01  -3.4474075e-01   4.9204302e-01  -4.8077699e-02  -1.1047766e+00  -5.6454414e-01  -4.5180655e-01  -1.1430652e+00   4.9694815e-01   8.5401148e-01  -1.5283869e-01   9.8255265e-01  -1.1102204e+00   1.0132132e-01  -9.3205547e-01  -6.2238127e-01
   4.1868654e-01   1.2711405e+00  -3.5093524e-04   1.3411400e+00   3.2683235e-01   9.0834653e-01   3.9839257e-02   9.8690182e-01  -6.6058196e-02  -6.5727532e-01   1.1177704e-01  -6.4089799e-01   6.7571867e-01   6.1969388e-01   4.5861858e-01   7.6954859e-01
   5.3446054e-01  -1.8173251e-01   5.5667686e-01  -5.5366371e-02  -6.2108094e-01   1.2134765e+00  -9.3707156e-01   1.0005432e+00   7.7616668e-01   7.9524881e-01   5.2809060e-01   9.7905982e-01   2.2769140e-01  -7.3236609e-01   3.9611897e-01  -6.4304537e-01
  -1.6164523e+00  -7.2470552e-01   2.6021835e-01  -1.7630293e+00  -1.4619523e-01  -1.3685600e-01   9.7226039e-02  -1.9986883e-01  -2.2261193e-01   4.9014142e-01  -5.2450716e-01  -6.8785891e-02   1.8218310e-01  -7.0625478e-01   7.0245588e-01  -3.6474593e-02
   4.4766626e-01   7.6686257e-01  -7.6647490e-01   4.4028336e-01   5.7858825e-01  -1.2112993e+00   1.2009305e+00   5.8043706e-01  -7.2065234e-01  -2.5792393e-01   2.6006168e-01  -7.3715371e-01   5.6449211e-01   7.1062648e-01  -7.3866194e-01   5.3186101e-01
  -6.0626209e-01  -7.4409831e-01  -8.0969834e-01   5.3105807e-01   9.0342951e-01   4.7999305e-01   5.3449017e-01  -8.5883647e-01  -7.5863880e-01  -1.0852388e+00  -1.1501644e+00   6.5109003e-01   5.2706659e-01  -3.3328466e-02  -9.1756610e-03  -5.4056001e-01
   7.7275169e-01  -5.9759754e-01   5.8615014e-02   9.6476823e-01   9.9886775e-01   1.1084963e+00  -1.4622409e+00   2.4770163e-01   3.4682110e-01  -8.1699902e-01   5.4931104e-01   7.2398531e-01  -1.7731191e-01   4.3820487e-03   7.4919000e-02  -1.8647209e-01
   8.2385188e-01  -6.9386041e-01   4.1640639e-01  -1.0450194e+00  -1.0668280e+00   4.5585597e-01  -7.3973155e-01   8.8594514e-01   4.7738302e-02   4.7099328e-01   2.9267332e-01   3.7761661e-01   1.1238418e+00   8.2250550e-02   1.0001950e+00  -4.1688919e-01
   2.0293775e-01   8.0995506e-01  -6.5544122e-01  -5.1816547e-01   4.5050055e-01  -1.1023570e+00   3.2747266e-01   1.1660820e+00  -1.0274143e+00   3.6416817e-01   5.7976323e-01  -9.0707868e-01  -8.3321321e-01  -4.6957713e-02   6.5238440e-01  -5.0039291e-01
   1.2184578e+00  -7.6559001e-01   1.0701914e+00   9.6176302e-01   2.6189056e-01   3.0498120e-01  -2.1508937e-01   3.2450378e-01   7.8842795e-01  -6.8068951e-01   8.6927158e-01   5.7579517e-01   4.9600583e-01   6.6079766e-01  -5.4243344e-01   6.2986422e-01
   7.4538034e-01   9.5972788e-01   8.5263497e-01   8.9263433e-01   3.8725671e-01   1.2975779e+00   5.3351235e-01   1.2368250e+00   5.3976512e-01   3.9233904e-02   5.2433759e-01   2.2205608e-02  -3.0742344e-01  -5.4978126e-01  -3.4148419e-01  -5.1943409e-01
  -1.9268323e-01  -7.5166857e-01   1.3125458e-01   7.5079513e-01   6.5920943e-01  -7.5430864e-01  -7.0747608e-01   6.8223882e-01  -6.7644650e-01  -1.2463218e+00   6.4356911e-01   1.2774504e+00   1.8467452e-01  -5.9103829e-01  -2.0448205e-01   6.0434532e-01
   1.2823584e+00  -2.6360509e-01   6.4573959e-02   5.8310276e-01   5.8656478e-01  -5.5527920e-01   8.8509932e-02   1.0598484e+00   3.1280306e-01   3.5891941e-01   9.9552333e-01  -2.1278894e-01  -1.7661357e-03   1.1861720e+00   1.0708662e+00   5.8447272e-01
   1.4642364e-01   6.2236869e-01  -1.4074683e-02   6.0523474e-01   5.8636445e-01   9.6265364e-01   3.2646552e-01   1.0655077e+00  -6.6347605e-01  -8.3190703e-01  -3.9181203e-01  -9.8653036e-01  -8.9635736e-01  -6.2045622e-01  -7.2052878e-01  -8.6353129e-01
   5.9889024e-01   8.3029604e-01  -7.9063392e-01  -6.2952304e-01  -1.3570866e-01   3.0598663e-02   1.0499803e-01  -4.6477057e-02  -6.8991780e-01   6.0103077e-01   4.9244732e-01  -7.5255489e-01  -7.7048443e-02   1.4454843e+00  -2.8870457e-01  -1.4398682e+00
   3.3200742e-03  -1.2009501e+00  -2.5226915e-01  -1.1935524e+00  -3.0495042e-01  -6.9404620e-01  -4.1976818e-01  -6.4602554e-01  -1.3508326e-01   9.1234255e-01   3.3780240e-02   9.0058267e-01   1.0590551e+00  -1.0391808e-01   1.0096217e+00  -2.9447016e-01
   3.0178106e-01   9.1746651e-02  -2.0850223e-01   2.7066275e-01   1.1808000e+00  -4.6726689e-01   1.2388185e-01   1.2398067e+00  -6.2466687e-01  -1.1656737e+00   1.3184572e+00  -2.7756649e-01   7.3112309e-01  -6.5873660e-02  -1.6622570e-01   6.9842523e-01
  -7.7993327e-01  -5.4796642e-01  -9.5652543e-02   9.4027328e-01   6.5994537e-01  -1.9075194e-01  -4.8976374e-01  -4.7511294e-01   2.0725417e-01  -1.2718315e+00  -1.1956353e+00   4.6972495e-01   3.5173988e-01  -9.1394311e-01  -9.8233503e-01   1.6114783e-01
  -2.7149653e-01  -1.1339881e-01  -2.4054581e-01  -1.4070308e-01   7.0094699e-01   3.8360608e-01   7.0695227e-01   3.7651759e-01  -5.9377486e-01   1.2946317e+00  -6.4782625e-01   1.2581266e+00   1.0930266e+00  -2.2716387e-01   1.1193537e+00  -1.5899315e-01
   9.9562049e-01   8.1406367e-01   2.9481915e-01  -1.2667357e+00  -7.0778507e-01  -4.7801384e-01  -1.5108742e-01   8.2893783e-01  -4.4596270e-02   1.0863198e+00   1.0027779e+00  -4.1334733e-01   2.1809022e-01  -6.2204510e-01  -6.4484680e-01   7.9051904e-02
   1.1462482e+00  -3.6751521e-01   3.4997493e-01  -1.1220913e+00  -1.0344402e+00  -5.6145203e-01  -1.0778393e+00   5.0883168e-01   9.3929797e-02   2.7490157e-01   2.5882110e-01   9.2016250e-02  -5.6556237e-01  -8.7263870e-01  -1.0573229e+00  -6.6293277e-02
   4.6653724e-01   8.1994230e-01  -9.0856290e-01   2.8413299e-01  -6.1530983e-01  -6.1728311e-01   7.5098103e-01  -4.7951767e-01  -9.6048796e-01  -1.0316825e+00   1.1930956e+00  -7.1829450e-01   2.2113292e-01   5.6088120e-01  -5.9353548e-01   9.0354554e-02
   1.5999421e+00  -3.7798411e-01  -3.3725846e-01   1.6369884e-01  -4.3306303e-01   9.3346834e-01  -2.9332232e-01   1.1079878e-01   3.1417656e-01  -3.9135631e-02   1.5477494e+00   8.6809866e-02   3.3458570e-01   1.6192734e-01  -4.8081172e-01  -1.0615555e+00
   3.9288279e-01   1.0081323e+00   9.9183810e-01   2.9812777e-01  -5.0414807e-01   4.7322404e-01   6.6954926e-02   6.7567253e-01   1.4383401e+00  -2.1539015e-01   7.2099972e-01  -1.2971288e+00  -2.7826476e-01   3.9819518e-01   1.7118539e-01   4.8443040e-01
  -6.4891733e-02  -1.2412175e+00   8.0114532e-01  -9.5470130e-01  -6.4718711e-01   1.1831568e-02  -5.0174028e-01  -4.1584042e-01   6.4440560e-01   9.0662396e-01  -1.0511675e-01   1.1100067e+00  -6.6396844e-01  -5.9841263e-01  -1.1504921e-01  -8.7501073e-01
   1.4594420e+00   4.7835800e-01  -1.0937749e+00  -1.0828067e+00  -4.3128812e-01  -4.4879970e-01   1.4167771e-01   6.0640866e-01  -6.2615186e-01   8.3405274e-01   9.5159256e-01  -4.4345450e-01   2.1978912e-01   3.4315398e-01  -2.2144394e-02  -3.7511539e-01
  -5.9257483e-01  -7.7251440e-01  -5.4884243e-01  -8.0919480e-01   3.0268466e-01  -1.1404535e+00   3.5428718e-01  -1.1173010e+00  -4.3433228e-01   8.3864450e-01  -4.7050539e-01   8.3649862e-01   5.7114524e-01   6.6456610e-01   5.4905152e-01   6.6897815e-01
  -7.3357493e-01   8.3322322e-01  -1.1183094e+00   1.3871357e-01  -3.2802999e-01   7.7434289e-01  -7.7322894e-01   3.8373870e-01  -2.4238271e-01  -6.8914346e-02  -1.2392546e-01  -1.8303171e-01  -1.2605525e+00   6.3867456e-01  -1.3390228e+00  -3.7837058e-01
   1.0084274e+00  -1.4146863e+00  -1.6529005e+00  -5.6982064e-01  -7.5335987e-02  -9.1084599e-01  -8.4904885e-01   3.0845365e-01   3.5763506e-02  -1.7422149e-01  -1.4699505e-01   2.0245666e-02  -3.3850187e-01  -1.4332756e-02   7.9296082e-02   3.1447130e-01
   1.8145318e+00   4.5891833e-02  -1.2908115e-02   9.4332136e-02   5.6747133e-01  -2.9356113e-01  -2.5658745e-01   5.3766388e-01  -1.9873517e-02   1.5044998e-02   1.5300105e+00  -4.7158468e-01   3.7891576e-01   3.9111176e-01   1.0331346e+00  -7.2966084e-02
   1.5449512e+00   9.2477149e-01  -1.4796451e-01   3.9670262e-01  -4.6935461e-02   5.6935579e-01  -3.9332211e-01   4.5461801e-01  -2.5453532e-02   3.5870343e-01   1.5640262e+00  -7.7691972e-01   2.6731768e-01   4.8039457e-01   1.7395614e-01  -6.1588228e-01
   1.2433745e-01  -1.6031713e+00   8.8170701e-01   1.3195857e+00  -9.9785529e-02   7.3109281e-01  -3.7711400e-01  -6.4048654e-01   3.5767576e-01  -7.2207248e-01   1.4882107e-01   8.3523220e-01   3.4064132e-01  -3.2337543e-01  -7.9757832e-02   4.5025155e-01
   2.7201459e-01  -1.1336023e+00  -1.0542703e+00  -5.1290816e-01  -8.3435780e-01  -5.7675707e-01  -7.5561208e-01   6.8819475e-01  -6.9614571e-01   2.9742017e-01   1.5750337e-01   7.3689449e-01  -3.3474976e-01  -9.6281737e-01  -1.0037487e+00   7.4467868e-02
   8.6356801e-01  -1.4805032e-01  -8.1501073e-01   1.4776894e-01   3.1019789e-01  -4.0695181e-01  -3.1345975e-01   3.9931032e-01  -1.5070658e+00  -7.7192259e-01   1.5348541e+00   7.7350998e-01   3.1309369e-01   7.3207282e-02  -3.0320960e-01  -1.0092364e-01
  -1.0470587e+00   9.3062066e-02   6.4980561e-01  -8.2638210e-01   6.2556344e-01  -1.1449809e+00   3.8490292e-01   1.2461832e+00   9.0486056e-01   3.9402404e-01  -9.2174113e-01   3.6511230e-01  -1.6063848e-01  -4.3916288e-01   4.0690216e-01   2.1269532e-01
   6.2738955e-01   1.4088397e-01   4.7935691e-01   4.7779867e-01  -1.2832505e+00  -4.3110275e-01  -9.0639704e-01  -1.0553074e+00  -3.6336076e-01  -7.5952429e-01   3.0730564e-02  -8.0745178e-01   2.1144353e-01   1.0001682e+00  -3.3474281e-01   9.1745353e-01
  -1.2127039e+00  -2.4558215e-01  -5.1780510e-01   1.1194568e+00  -3.4406245e-02   1.4862115e+00   1.4436096e+00   3.5375634e-01  -4.2755044e-01  -1.2799375e-01  -2.1500249e-01   3.9405838e-01   2.2218218e-01   1.0238589e-01   1.8135308e-01  -1.8747118e-01
   7.3536074e-01  -7.7849090e-02   7.2495806e-01  -1.0326242e-01  -1.0382473e+00  -6.7213255e-01  -1.0213125e+00  -6.7830235e-01   1.0837938e+00   1.5536922e-01   1.0777776e+00   1.8920094e-01  -7.5844586e-01  -3.8662055e-01  -7.4508262e-01  -4.5612457e-01
  -5.5039871e-01   5.4613817e-01   3.2249723e-02  -7.2447252e-01   6.2708950e-01  -9.2905957e-01   1.7140773e-01   1.0951248e+00   6.8742824e-01   6.5613335e-01  -9.6002173e-01  -2.3104889e-02   7.7954775e-01   7.9475683e-01  -1.1489422e+00  -5.6362022e-02
   1.7585564e+00   1.0170247e-01  -1.3963842e-01   1.9159328e-02  -4.8791152e-01   1.4279507e-01  -9.8683916e-02  -7.1062738e-01   1.2558725e-01  -2.5376270e-02   1.7751504e+00   4.5681350e-02   1.4785776e-01  -7.7486128e-01  -5.5064893e-01  -9.4576493e-02
   2.2711813e-01   7.3511082e-01  -6.8897533e-01   3.4414896e-01   8.4639430e-02  -3.0088931e-01   3.0496293e-01   2.0261886e-02  -6.8334383e-01  -5.5600780e-01   4.7133276e-01  -7.6621115e-01   1.4980701e+00  -5.3852910e-01   7.3344022e-01   1.4022458e+00
   1.6230901e+00  -3.1240377e-01   2.8171960e-01   5.1847905e-01   1.5422735e-01  -3.6708981e-01  -4.5030069e-02  -8.2970649e-01  -2.1529816e-01   5.0337780e-01   1.5280962e+00   3.0315045e-01  -8.3421417e-02  -8.9595729e-01   1.3038585e-01   7.1930140e-01
  -5.0404465e-01  -1.3550110e+00   1.1041385e+00  -9.5116895e-01   9.5244914e-01  -7.6406235e-01   1.0470227e+00   6.2610537e-01   2.9897436e-01   3.9469025e-01  -2.7280310e-01   3.9678812e-01   3.5640961e-01   2.1619333e-01  -1.0657009e-01   3.8035709e-01
   1.9661483e-01  -2.9774067e-01  -9.0501998e-03   3.5192961e-01  -8.2631904e-01  -1.3292700e+00   1.4866793e+00   5.3172624e-01   8.7486506e-01  -5.6167787e-01  -3.5623676e-01   9.6709746e-01  -2.7449784e-01  -5.1644111e-01   5.0916708e-01   2.4835992e-01
   1.2321879e+00   8.9529179e-02   4.1806003e-01  -1.5862826e-01   7.3341620e-01  -7.1224636e-01   3.2517124e-02  -1.0229082e+00  -1.8659721e-01   2.8321168e-01   8.2584327e-01   8.1042416e-02  -3.2449010e-01  -1.0991733e+00   1.3172902e+00   5.7343322e-01
   1.2482222e+00  -6.6104603e-01  -4.7927377e-01   1.3468828e+00   4.0335909e-01  -2.9031938e-01  -1.0409147e-01   5.0477993e-01  -2.1973732e-01  -5.8494765e-01   5.4144102e-01   2.7257946e-01  -5.0312337e-02  -1.1683303e+00   8.2374495e-01   8.0283988e-01
   4.0854096e-01  -1.8524006e-01  -2.6081227e-02  -4.5132497e-01   1.1881305e+00   7.5320750e-01   1.1651905e+00  -7.7554929e-01  -3.2083073e-01   6.8545461e-01   5.1505214e-01   5.4957867e-01   9.0899593e-01  -6.4865327e-01  -2.5279072e-01  -1.0978439e+00
   8.8661242e-01   1.0617946e+00  -1.3643633e+00  -2.6516688e-01   6.7950571e-01   1.1196176e+00  -1.2223253e+00  -4.2175972e-01  -4.8304701e-01   2.3405480e-01   2.2727787e-01  -5.0768769e-01   1.7389774e-01   2.2996081e-01  -2.8636366e-01  -6.9515400e-02
  -4.9272400e-01   4.4344437e-01  -3.4107181e-01  -5.2510124e-01   1.0675671e+00   9.6220261e-01  -1.1030377e+00   9.3216950e-01  -4.6160895e-01   9.4066483e-01  -8.8040090e-01  -5.7254022e-01  -6.1009753e-01   1.5777947e-01  -8.4865689e-02  -6.4202487e-01
  -2.6104978e-01   7.4731815e-01  -6.9290507e-01  -4.3141872e-01   6.4733988e-01   3.8635477e-01  -5.5015659e-01   5.4702568e-01  -8.2469016e-01   7.5977981e-01  -5.5054909e-01  -9.6296918e-01   6.9827801e-01   1.0296010e+00  -1.1389066e+00   4.5202717e-01
  -5.9705126e-01   1.1449686e+00  -6.6780728e-01  -1.1356772e+00  -2.6273364e-01  -1.3586960e+00   1.2830589e+00   4.8037416e-01   9.7155273e-02   1.7149718e-01  -1.4847013e-01   1.7526684e-03   5.0142735e-01  -3.5666978e-01   1.8015709e-02   6.0406965e-01
   1.5936351e+00   6.4112842e-02   1.2386652e+00   9.9465215e-01  -7.5011605e-01   8.2148291e-02  -6.6013372e-01  -3.4574971e-01   5.8716637e-01  -2.2632544e-01   6.1834311e-01   1.2759504e-01  -6.6320843e-01   2.2574790e-01  -6.9839412e-01  -1.8620829e-01
   8.4464997e-01  -7.1350813e-01  -1.0610311e+00  -2.1455060e-01  -7.3709011e-01   4.4163975e-01   7.4881685e-01   2.9113489e-01  -7.7461380e-01   1.2831697e-01   5.8778393e-01   5.4401660e-01   6.9680160e-01  -9.6803969e-01  -1.2403296e+00   5.3230453e-02
   3.7865853e-01   2.8510973e-01  -1.3344382e-01  -4.6909973e-01   3.2870597e-01  -5.6365901e-01  -6.2366670e-01   2.4289683e-01  -9.9153429e-01   1.4324681e+00   1.6497650e+00  -5.3767914e-01   3.2909262e-01  -4.5405254e-01  -5.3256142e-01   1.4047790e-01
   3.8351655e-01  -9.3852216e-01  -8.4206766e-01  -5.5639166e-01   5.2466428e-01   5.2200574e-01   6.2994152e-01  -3.8167432e-01  -1.1770589e+00   4.4078597e-01   1.6870262e-01   1.2559948e+00  -4.2430650e-02   9.1802436e-01   8.7620729e-01   2.5519887e-01
   1.7982399e+00   6.8937540e-01  -8.4822200e-02   1.2951423e-01  -4.1750929e-01   2.6773193e-01  -1.9015355e-01  -4.1116185e-02   7.8621790e-02   1.0303756e-01   1.9145418e+00  -3.2914528e-01   1.4100415e-01  -9.1759495e-02  -2.5870979e-01  -3.1216180e-01
   1.2499825e+00   2.8439534e-01   1.0469934e-01  -1.2757628e+00   1.0250225e-01  -1.0820724e+00  -1.1305971e+00   3.2381583e-02  -1.8891595e-01   1.0282437e+00   1.0039446e+00   5.9526242e-02  -1.8519610e-01  -2.1909706e-01  -1.8873167e-01   1.8735127e-01
   9.2505968e-01   1.0404598e+00   1.1562662e+00   7.6611453e-01  -6.3647956e-01  -4.5412731e-01  -7.0986402e-01  -2.6907840e-01   9.3142402e-01  -3.3486801e-01   8.1148368e-01  -6.0624695e-01   1.3403933e-02   6.8593270e-01   1.7792308e-01   6.6491246e-01
   1.7560361e-01   7.7304173e-01  -4.4405550e-01  -6.2874115e-01  -3.2404405e-01   1.0467411e+00  -1.1058146e-01  -1.0857238e+00  -8.1835496e-01   7.3994744e-01   5.0588477e-01  -9.6868384e-01   2.0879214e-01   9.5397973e-01  -5.6137592e-01  -8.4087092e-01
   3.4310973e-01   1.1311937e-01  -1.4149837e-01   3.1380281e-01  -2.0846023e-01   8.7771374e-01  -8.7090999e-01  -2.4757802e-01  -1.1006383e+00  -1.3278542e+00   1.3821515e+00  -1.0338786e+00  -2.1901433e-01  -1.8186241e-01   1.9425206e-01  -2.1153134e-01
  -4.9692366e-01  -4.0564400e-01   4.8683184e-01   4.2515355e-01  -9.7802877e-01   1.2375672e-01   9.6075410e-01  -1.3003071e-01   1.2750088e+00  -4.1721582e-01  -1.2697735e+00   4.4105139e-01   5.3918386e-01   7.2541589e-01  -5.4969966e-01  -7.3024786e-01
   1.0261887e+00  -2.6350641e-01   5.7790560e-01  -8.8970554e-01   4.8419708e-01  -6.2759775e-01  -5.4000422e-02  -7.9203868e-01   1.0102067e+00   9.8355460e-01   1.4052273e+00   4.8386432e-02   4.6002230e-01   2.2283866e-01   4.9035889e-01  -1.6355856e-01
   4.6871141e-01   1.0761217e+00  -1.0590916e+00  -4.1102362e-01   3.5028011e-01   2.9509929e-01  -4.4967371e-01   1.0086853e-02  -1.2363192e+00   1.2533698e-02   8.6545175e-01  -8.9102149e-01   4.0459436e-01   8.4861827e-01  -9.2737395e-01  -3.2268921e-01
   1.5561427e+00  -6.6718149e-01   1.6564537e+00  -2.7457216e-01   4.5800507e-01  -9.8123762e-04   4.7412604e-01   9.1924503e-02   6.5662497e-01   3.3119163e-01   5.8221608e-01   4.5447496e-01   2.5116619e-01  -5.6532335e-01   3.6235988e-01  -5.2028644e-01
  -3.0596030e-01   1.1556568e+00  -2.8662691e-01  -1.1617277e+00   7.7004731e-01   2.3389870e-02  -6.7756039e-01   3.9075059e-01  -6.1617184e-02   7.8213775e-01  -3.3065209e-01  -6.7186844e-01  -9.3352586e-01   7.0022726e-01   4.1312611e-01  -1.1068190e+00
   1.8853949e+00  -2.2872743e-01   1.0138903e-01   1.2716788e-01   2.0981799e-01  -2.2201124e-01  -4.1238290e-01  -2.2544375e-01  -3.0150232e-01   3.3458182e-01   1.8323112e+00   4.2154616e-01   2.4189579e-01  -1.9569166e-01   1.7324069e-01   4.3311214e-01
