   8.3477902e-01   4.5820862e-01   3.8167891e-01  -1.1863510e-01   1.6737392e+00   1.0564995e+00   7.7966130e-01  -3.3407781e-01  -6.7211282e-01   5.4691869e-01   1.4111267e-01   3.4666502e-01  -4.1709762e-02   2.7489856e-01  -1.7568453e-01  -9.5451200e-01  -3.7403306e-01  -1.9343565e-01   1.5122784e+00  -1.1001296e-01  -2.9954204e-01  -2.8352609e-01   1.3151467e+00  -1.0009895e-01
   4.3633133e-01   8.6927831e-01   5.1618403e-01   4.8834950e-01   8.6160421e-01   2.0286439e-01   6.3113678e-01  -9.8485775e-02   1.3272502e+00  -3.7348282e-01   9.3005037e-01  -4.9628219e-01   2.3342300e-02   1.1603477e+00  -5.6736720e-01  -1.4053764e+00  -7.7491802e-01  -3.5677665e-01   1.0698322e+00   4.3609880e-02  -3.5885271e-01   4.0725559e-01   2.5162205e-01  -6.8483585e-01
  -5.8638525e-01  -1.3663927e+00  -1.8923560e-01  -3.1576529e-01   1.4552774e+00   7.5560111e-01   3.5388947e-01   1.1345979e-01   6.4815390e-01  -7.0307142e-01   3.9704326e-01  -9.6719988e-02  -3.8230801e-01  -7.0456274e-02   1.8083165e+00   7.9672617e-01  -1.6120900e-01   8.1247371e-03   1.1157335e+00   3.0921122e-01   4.2499140e-02   8.3432138e-02  -2.1729356e-01  -5.1662707e-01
  -1.0078537e+00   2.1951848e-01   1.7507645e-01   4.6957046e-01   1.8017223e+00   5.5198950e-01   9.0825416e-02  -8.5088360e-01   4.0682250e-01  -6.9902021e-01  -3.7079346e-01  -1.2194655e-01   2.9516101e-01   1.9562387e-01  -6.5812314e-01   6.6470248e-01  -2.4518639e-01  -3.1351885e-01   8.7114787e-01  -5.5671769e-01  -4.6631318e-01  -4.7933856e-01   1.2826691e+00  -1.1292529e+00
   1.1690167e+00   8.7369025e-01   1.4528388e+00  -9.6914005e-01   5.1500851e-01   2.5276625e-01   3.8067815e-01  -5.4208672e-01   7.0347500e-01  -2.7862191e-01  -2.6111836e-02   3.4898409e-01  -9.4734663e-01  -1.3308414e+00   1.4602873e+00   1.1071269e-02  -1.1305446e-02   4.5792615e-01  -2.8772750e-01  -2.5325903e-01   1.4601053e-01   2.6207963e-01  -3.2643047e-01  -5.2304897e-02
  -3.3548152e-01   4.1890717e-01   1.4203532e-02   2.2273280e-01   3.2896733e-01  -3.9325938e-01  -7.8368269e-02  -2.2785109e-01   1.5689230e+00  -1.2033262e+00   2.4000768e-02  -8.2594550e-01  -1.7185707e-01   5.2139157e-01   3.8671562e-01  -2.7224345e-02  -3.9184380e-01  -3.8698360e-01   1.2286255e+00  -9.6565776e-02  -2.1931005e-01  -9.4170296e-01   1.7056167e+00   7.9442096e-01
  -3.2229587e-02  -1.3168341e+00  -5.8103579e-01   4.0056396e-01   1.5463109e+00  -3.9591360e-01  -5.5205333e-01  -6.1144531e-01   5.1254362e-01  -5.8418995e-01  -3.4970307e-01  -1.0394717e-01   3.9915431e-02   4.3837446e-01  -8.4552932e-01   4.3677402e-01   2.2949173e-01  -5.9717256e-01   1.2389551e+00  -9.2622571e-02   7.1384346e-01   2.2035643e-02   5.3190070e-01   1.3992932e+00
  -3.9143038e-01  -3.0452302e-01  -2.5476111e-02   3.6733776e-01   1.2696584e+00   9.7888289e-04  -4.3602592e-01  -6.8370795e-01   1.2960464e+00  -3.7231106e-01  -6.4415354e-01  -6.2117803e-01  -6.1579329e-01   1.5931332e-01  -6.2598431e-01  -2.6038948e-01   8.7046260e-01  -9.6563131e-01   1.8619037e+00   2.5496992e-01  -4.1968226e-01   2.2977833e-01  -5.4355508e-01  -3.4530675e-01
   1.3933868e+00   1.5464859e-01   2.4667034e-01  -2.1194619e-01   9.6218532e-01  -6.3675508e-02   1.0208610e-01  -1.9238649e-01  -8.1742829e-01   1.4048986e+00  -3.2436777e-02   4.1613412e-01  -4.7746819e-01  -3.0952761e-01   1.7914141e+00  -1.0262022e+00  -6.6324390e-02  -2.8488374e-01   8.8614988e-01   3.0589002e-01  -2.2891858e-01   3.2069419e-02   2.1498294e-01  -6.9661695e-01
   2.4557473e-01   2.7278826e-01   1.1765678e-01   3.9101329e-02   2.0803409e+00  -6.0645860e-01   4.9257931e-01  -5.1085269e-01  -8.0204827e-01  -6.5190315e-01  -3.4184155e-01  -7.0663109e-02  -1.9571122e-02  -3.3497479e-02  -2.4110265e-01   1.0851997e-01  -1.5867522e-01  -1.7027089e-01   1.7359811e+00  -2.4874111e-01  -1.2357640e-01   1.7454092e-01  -3.3383900e-01  -1.4499365e+00
   9.8791182e-02  -1.1444421e-01   4.2025334e-01  -1.1110356e-01  -3.8649004e-02   2.3901360e-02  -2.8050229e-01  -7.5649120e-02   1.0722015e-01   5.3870273e-01  -8.9235371e-01   2.0150428e+00  -9.6746109e-02   2.3710088e-01   2.7332720e-01   5.4626709e-01  -1.9777905e+00  -4.0717997e-02   4.0841815e-01   4.4556585e-01  -9.9078435e-01   8.4429753e-01   3.6211252e-01  -1.9273644e-02
   3.1439963e-01   8.0526456e-02   1.6727659e-01  -2.3556046e-01   5.6203389e-01   5.5142772e-01   5.4494172e-01  -3.0650914e-01  -7.3959124e-01   1.5981972e+00   1.0550351e+00   1.1339464e+00   1.1921515e+00   1.5571706e-01  -8.3878112e-01   1.0806186e+00  -7.3165220e-01  -2.6681381e-01   7.7229768e-01  -6.4662492e-01   3.0699319e-01  -1.6511272e-01  -8.1620634e-02   4.8390946e-01
   5.4356009e-01   2.4034576e-01   1.4696791e+00  -6.2687732e-02   5.5807519e-01   3.5110018e-01   1.5226457e+00   2.3621003e-01   2.8331718e-01   1.8316735e-01   7.0944542e-01   2.2110708e-01  -8.8507646e-01   2.3207745e-01   2.7837428e-01  -2.5944299e-01  -1.6932173e+00   1.9440371e-01   6.1830902e-01  -3.8435966e-01   9.1325080e-01   7.2264284e-01  -4.7631675e-01  -8.9149386e-02
   1.1786768e-01   1.3984604e+00   1.2617288e+00  -9.4841087e-01   8.9437443e-01   9.9058822e-02  -5.7635361e-01  -7.3948568e-01  -4.5353991e-01   4.2559221e-01  -5.8205169e-01  -2.8210235e-01  -1.0416527e+00  -1.2817439e+00   5.3646588e-01  -1.3556643e+00  -5.0807398e-02   2.0749058e-01  -2.2509299e-01   9.9248856e-02   1.1406220e-01   2.1752872e-01  -7.4018344e-02   1.3982555e-01
   1.6786106e+00  -1.0979067e+00  -1.7673702e-03   3.0976057e-01   1.1085815e+00   1.8805639e-01  -1.1657827e-01   1.7311116e-01   7.5166032e-02   7.2940069e-01  -1.2894613e-01   5.1826231e-02  -1.4510557e-01   3.0583836e-02  -6.0413843e-01   5.2758563e-01   3.0990022e-01   2.1148442e-01   2.1682961e+00  -3.6555636e-01   1.0567415e-01  -3.0852191e-02   1.7813811e-01  -5.7530135e-01
  -7.1592557e-01  -7.9121202e-02  -5.7036582e-02  -9.2197992e-02   2.2255180e+00   1.4459939e-01   2.0036061e-01   2.9285547e-01  -2.3178904e-01   6.2277770e-01  -8.7819383e-02   3.8413536e-02   6.3740827e-02  -1.7639670e-01  -1.8694843e+00   1.5989076e-01  -6.9781169e-02   1.4328980e-01   1.3697783e+00  -1.8852085e-01   4.1712318e-02   5.8762595e-02   3.2632090e-02  -6.4785486e-01
   5.4757434e-01  -1.4143999e+00   1.2378079e+00  -7.8488457e-01   8.7824517e-01  -2.3179220e-01   8.2825708e-01   2.6977259e-01  -2.5406132e-02  -8.5955478e-02  -9.0023383e-02  -4.4879937e-01  -1.2540106e+00   4.8902833e-01   1.2919183e+00   4.3242052e-01  -5.5606318e-01  -1.9811626e-01   2.8231204e-01   5.6815279e-01  -6.0691917e-01  -5.8143026e-01   7.2689250e-02   7.8718132e-01
   3.4003460e-01   7.1007884e-01  -1.1919108e-01   4.9883679e-01   1.1153535e+00   1.0322715e-01   4.6826971e-01   4.2240381e-01  -1.6297414e+00  -2.3135853e-01  -6.3738239e-01  -6.9873363e-01   1.3492817e-01   1.7864513e-01  -9.1036305e-02  -5.4061019e-01  -5.8550751e-01   1.5370694e-01   1.0229487e+00   3.7770626e-01  -2.7573857e-01  -9.6089268e-01  -5.5018258e-01   1.6286298e+00
   1.6234185e-01   6.5634690e-02   3.1646684e-02   2.0616864e-01   1.3140041e+00  -2.3542817e-01   1.6204920e+00   1.0095282e+00   1.5642844e-01   2.2392595e-01  -1.4134223e-02   4.4809091e-01  -7.1327180e-01  -6.6839606e-01  -2.2879040e-02   7.9455215e-01  -1.4276118e+00   9.5594549e-01   1.1657640e+00   2.2192127e-01   2.5481269e-01  -3.7462610e-01  -2.5805086e-01   6.0702495e-02
  -7.3765969e-01   1.8316624e-01  -7.7878847e-03  -9.4957367e-02   1.3619405e+00   4.0993735e-01  -1.5786979e-01   1.6968140e-01  -8.6214530e-01  -1.5655185e+00   2.8003269e-01   9.4558835e-02  -3.0093515e-01   2.5111875e-02  -7.5020993e-01   1.5125759e+00   1.6501853e-01   2.8170916e-01   1.6642467e+00  -1.8245563e-01   6.1044791e-03   8.6104445e-02   4.3361470e-01   9.0105914e-02
   2.6225165e-01  -4.6990508e-01   2.2426678e-02  -4.0939379e-02   1.7613506e+00   7.1246572e-02   1.5788387e-01   5.2358646e-02   2.0576584e-01  -1.5655352e+00   5.1221959e-02  -1.9865346e-01  -9.2850037e-02   1.5880905e-01   7.6719934e-01  -1.5289170e-01  -2.2486326e-01   8.8170603e-02   2.0041196e+00   5.8972961e-01  -9.2121482e-02  -9.5260330e-02   4.0520683e-01   8.8748288e-01
   1.1204904e+00   1.8204750e+00   3.4381366e-01  -6.3483608e-01   1.9857965e-01   3.9563313e-01   7.0653081e-02  -1.7226426e-01  -2.1945506e-01  -6.7340034e-01  -1.3800481e-01   2.7964422e-01   1.0382149e-01  -2.9804984e-01   7.2900933e-01  -9.5149599e-02   3.7052011e-01  -5.7969624e-01   1.8234290e+00   6.3734040e-02   1.4338323e-01   3.7320229e-01  -7.6810491e-01   9.4202638e-01
  -2.0632705e-01  -8.8085777e-01   3.0887100e-01   1.7606674e-01   7.8252643e-01   7.4145295e-02  -2.7831972e-01   1.5559496e-01  -9.4528955e-01  -1.6620283e+00   6.9693977e-01   2.4858578e-01  -3.7298131e-01   6.4627334e-02  -1.8058923e-01   7.8582501e-01   9.0242133e-02   2.5285646e-01   5.5477840e-01   3.3537391e-01  -3.1179154e-01   7.7147651e-01   6.0936272e-01   1.9449155e+00
  -1.5455197e+00   1.4912254e-01   9.7450948e-01   6.0550314e-01   7.2487056e-01   3.4559602e-01  -1.9245435e-01  -4.9447501e-01   8.5723621e-01  -4.5565030e-01  -6.8320650e-01  -2.3671222e-01  -1.0522085e+00   2.3936290e-01  -1.4581258e+00  -1.2905326e-01   1.5614234e-01  -4.8584059e-01   4.7749668e-01  -5.1527846e-01   1.3801029e-02   7.5943178e-01  -4.6916619e-01   1.0114006e+00
  -1.6713655e-01   2.2047044e-01   4.1374844e-02   2.0346941e-01   5.0819314e-01  -3.3648482e-01  -1.1279304e-01  -4.1481146e-01  -9.2317605e-01  -1.5880662e+00  -1.1508894e+00   7.5139068e-02   4.3518353e-01   7.7816403e-01   3.2859668e-01   3.5342845e-01  -4.2820844e-01  -3.2546455e-01   6.8575656e-01  -2.9958320e-01   6.7842469e-02   1.0435282e+00  -1.7320167e+00  -8.0568212e-01
  -1.0097630e+00   1.1018165e+00  -2.2691162e-01   1.9816504e-01   1.4753764e+00   5.7099044e-01   2.3219870e-01   7.8012772e-02  -8.4970289e-01  -9.0659544e-02  -1.9215585e-01  -2.0202726e-05   1.2677647e-01   3.0382231e-01  -6.0046762e-01  -8.4099579e-01  -6.3525516e-01   1.1979167e-02   2.0831304e+00  -4.2577130e-01  -4.7353551e-02   1.3814534e-01   1.7877524e-01  -4.3795747e-01
   8.5233822e-02  -1.4164189e+00  -3.6459816e-01  -2.2528652e-02   1.6191411e+00   1.7628056e-01   1.2737998e-01  -4.4507709e-01  -5.9956086e-01  -7.1980190e-01  -2.5735182e-01   1.5233311e-01   3.5557088e-01   8.7899163e-02  -3.1665194e-01   1.3126526e+00  -1.9089408e-01  -4.1476372e-01   1.4158475e+00  -7.1014237e-01  -2.3396991e-02   3.3621338e-01  -1.0906830e+00  -2.0239726e-01
  -8.9536649e-01  -4.1525343e-01   6.8604112e-02   4.6550435e-01   1.1508671e+00   7.8150749e-01   6.0036652e-02  -5.7512331e-01  -1.3348838e+00   5.9209859e-01   4.5757568e-01   3.4964082e-01   7.8828238e-02   2.1163115e-01  -4.2111537e-01   3.7592608e-01   1.6286916e-01  -8.2215333e-01   1.8075147e+00  -6.2405425e-01   3.9574617e-01   2.1922414e-01  -9.5052183e-02   1.0622419e+00
   2.7195873e-02  -8.7538463e-01   4.0708473e-01  -3.0804774e-01   1.9770685e+00  -7.2236843e-02   7.5424176e-01   8.0607861e-01  -1.8748739e-01   2.2187804e-01  -1.2766783e-01   2.3028374e-02   3.0674151e-01   2.8449360e-01   1.1497265e-02  -7.8964204e-01  -5.6199759e-01   6.3972718e-01   1.5972583e+00   3.0558506e-02   2.7859452e-01  -5.0678271e-01  -1.1162008e+00   2.8666511e-01
   9.8018306e-01   7.1552485e-01   1.0985594e+00   4.9153447e-01   1.2538893e+00   2.4423029e-02   1.1838089e+00  -3.3500165e-01  -2.6801094e-01   8.2929790e-02  -1.6878921e-01   2.0469016e-01   5.1821691e-01   4.3361437e-01  -4.8528266e-01  -4.8262349e-01  -8.4698367e-01  -5.6061810e-01   8.1366152e-01   6.9586784e-01   1.0354022e+00   5.6162453e-01  -9.7016931e-01  -6.4157158e-01
   7.4246949e-01  -3.8048202e-01   4.0752223e-01  -3.5081628e-01   5.0486887e-01  -2.3893012e-01   2.5611970e-01  -2.4276836e-01  -1.5755630e+00  -9.2442936e-01  -1.1420410e+00  -1.9031082e-01  -3.7208417e-01  -9.4064844e-01   1.0024409e+00   1.1395862e+00  -5.8560294e-01  -1.3020104e-01   1.1208891e+00  -1.6828686e-01   5.0671095e-01   1.2295968e-01  -7.4273866e-01   3.2546392e-01
  -1.7323211e+00  -1.4743079e-01   2.4078200e-02  -2.7971917e-01   1.1895025e+00   1.7533869e-01  -1.4601467e-02   2.3089576e-01  -1.0527536e+00  -3.8030779e-01  -4.3277770e-01   3.3334407e-01  -4.9557203e-01  -1.2116158e-01  -6.3860768e-01   2.2079422e+00  -2.7245979e-03  -1.2360496e-03  -1.5391159e-01  -7.5552739e-02  -3.7657913e-02  -1.3055423e-01  -4.7987697e-01   1.6349146e-01
   1.5877417e+00   3.1307831e-01   5.5149984e-01   3.5264069e-01   1.0462073e+00  -6.4920229e-01   4.1300869e-01  -5.8066867e-02   9.3854618e-01   5.7991338e-01   1.5847677e-01   3.9562938e-01  -1.7277764e-01  -2.6075703e-01   2.9624271e-01   7.5163096e-01  -5.5300426e-01   1.3100396e-01   1.6431555e+00   2.7116883e-01  -2.4253374e-01  -4.1016161e-01   2.5895879e-01   1.3124959e+00
  -7.6193064e-01   7.7302545e-01  -8.0081904e-01  -1.5833499e-01   1.1874713e+00  -9.5262808e-01   1.1397059e+00   1.4641626e-01   6.6047257e-01  -1.1057624e-01   5.3068018e-01   1.9033308e-01   9.8625280e-02   1.0250239e+00   9.8686713e-01  -8.9493132e-01  -6.6366982e-01   3.4277865e-01   9.1482812e-01   5.1525193e-01  -4.0164763e-01  -5.2552474e-01  -2.0975555e-01   8.7988794e-01
  -4.9846894e-01   8.4127206e-01  -2.5533357e-01  -1.3495409e+00  -3.4272274e-01  -5.2671868e-01   9.4879377e-01   2.0397627e-01   1.5414485e-01  -6.0862416e-01   3.7352264e-01   9.4247693e-01  -6.3555971e-02  -1.9090280e-01  -9.9978112e-02  -2.9666888e-02   5.0230873e-01  -3.5697597e-03   2.6461294e-01  -2.7571395e-01  -1.9487609e+00   4.0526062e-01  -5.8669257e-01   1.2817270e+00
   3.7952554e-01   5.4069185e-01  -1.9421370e-01   1.5206441e-01   1.8168442e+00   2.8675415e-02   7.8136429e-02   6.5180176e-01   1.1327970e+00  -3.2645959e-02   5.0675411e-02   4.0708980e-01  -2.3227314e-02  -2.8933010e-01  -8.6375886e-01   2.3774546e-01   1.3966283e-01   8.3308947e-01   1.8428909e+00  -5.3184450e-01  -1.3936612e-01   4.0044218e-01   9.0933174e-01   1.7698634e-01
  -2.1600439e-01  -2.0189603e-01  -3.3783737e-01  -1.1464702e-01   1.5654211e+00  -2.5410157e-01   1.6276335e+00  -8.9068532e-01   3.9404202e-01  -2.8658664e-01   3.4586987e-01  -4.8557729e-01  -7.1567565e-01  -3.2778573e-01   5.7857800e-01   4.9080167e-02  -4.9506569e-01  -6.6195673e-01   5.3198045e-01   4.0532607e-01  -1.3499259e+00   1.8669952e-01   1.0499817e+00  -4.3345678e-01
   7.1848279e-01   8.5657066e-01   7.5869960e-01   1.9339927e+00   5.0380982e-02  -2.6828387e-01   2.4731544e-01  -4.8977065e-01   2.9595461e-01  -2.0729131e-01   5.0437653e-01   2.0405574e-02  -1.2005590e+00   2.5031644e-01   5.6537122e-01  -7.9772294e-02  -1.5437320e+00  -3.0634430e-01   7.6638836e-01   1.8431351e-01  -7.4736303e-01   7.4084453e-02   4.2189902e-01  -5.3520475e-02
   3.6740401e-01  -5.3844088e-01   2.8576288e-01  -5.0788503e-02   9.0534788e-01  -4.9012411e-01   3.8646236e-01   1.5263061e-01   1.4165026e+00  -1.2577547e+00   8.5797757e-01   1.8091813e-01  -6.5114480e-01  -3.5042968e-01   3.3524370e-01   1.6804301e+00  -4.0110570e-01   2.8723478e-01   1.0749354e+00   2.3009570e-01  -2.3267438e-01   2.8718498e-01   8.9993745e-01  -1.4036806e-01
  -7.1811926e-01   4.0804902e-01   1.6825577e+00  -7.4232697e-01  -4.9465680e-03  -2.9568928e-01  -1.2801146e-02   6.2418473e-01   2.9728630e-01   3.2961157e-01  -7.2829205e-01  -7.6906365e-01  -1.6216885e+00  -6.6997021e-01  -5.4096067e-01  -5.0696516e-01   1.2027491e+00  -5.1674202e-02   6.1056012e-01   2.6520157e-01   6.3340467e-01   3.2266185e-01   1.7462035e-01   2.8818908e-01
   4.7277611e-02   4.9875247e-01   2.2983330e-01   4.6346772e-02   1.8834662e+00   2.3525668e-02   2.5454101e-01  -7.7284801e-01  -8.8648367e-01   9.2039150e-01   2.4147773e-01   5.7782441e-01   3.7528977e-02  -3.1200406e-01   9.3481761e-01   5.1951021e-01  -2.0689967e-01  -3.0376527e-01   1.0123558e+00  -6.6536352e-02  -3.2547799e-01   4.7777280e-01  -9.2026615e-01  -1.3677703e+00
  -2.2101335e-01   3.4390220e-01  -1.1966234e+00  -2.4529015e-01   6.1702120e-01   2.4637596e-01   3.6504495e-01   1.7965733e+00  -2.5310632e-02   3.2391018e-01  -6.7509168e-01   4.8207703e-01   9.1256946e-01  -2.3120263e-01  -1.4518945e-01  -1.9419292e-01  -1.6343109e-01   1.1452718e-01   4.7670558e-02   3.0246617e-02   2.0880210e+00   3.7313118e-03  -3.9911941e-01  -4.8741174e-01
  -4.3635592e-01  -1.2125643e+00  -2.9536527e-01   1.1501199e+00   1.0792527e+00   5.2519310e-01  -5.3390807e-01  -1.0170214e+00  -2.1348497e-01   7.8541718e-02   2.1507429e-01   4.0997919e-02   3.6486548e-01   9.3624398e-02   3.1450331e-01   2.8914103e-01   5.9031224e-01  -1.1918859e+00   1.1759953e+00  -8.3582664e-01   4.3157887e-01  -8.6585760e-01   8.1813282e-01  -5.3779912e-01
  -1.0359117e+00   8.1569821e-01  -1.9822782e-02  -2.4798721e-01   1.1831090e+00  -2.9799419e-02  -1.0285493e-01   1.7464454e-01   1.3023089e+00   9.3640387e-01  -2.5689644e-01   2.0585771e-01  -1.5412557e-01   3.0949211e-02  -4.6874481e-01   1.1326764e+00   1.5715000e-01   4.0175772e-01   1.6429106e+00   5.2584273e-01   2.7315518e-01  -5.0957069e-02   4.4909731e-01  -1.0529119e+00
   2.0246904e+00  -2.5166187e-01   7.5276834e-01   9.3614793e-01   2.3525435e-02  -3.6107352e-01   1.7816861e-01  -1.3495088e-01   1.6045488e-01   6.2871611e-01  -3.3780298e-01   2.1752405e-01  -1.6263364e-01  -5.8001187e-02   2.4443404e-01   2.5234962e-01  -2.2703587e-01   3.7825191e-01   8.1798458e-01  -1.7489237e-01   3.0630431e-01   9.8340297e-01   1.0287286e+00  -1.5697727e+00
  -1.6317347e-01   1.2244633e-01   1.4433168e-01   2.5935867e-01   6.7018902e-01   6.8838507e-01   1.0337456e+00  -9.6125984e-01  -2.4642473e-01   9.4751710e-01   1.4510025e+00   3.6737528e-01  -1.0762069e+00  -2.2720903e-01   1.5726310e-01  -7.2526312e-01  -8.0840665e-01  -1.4747146e+00   9.7463500e-01  -4.1025573e-01  -1.7066211e-02   1.9595501e-01  -9.8631822e-02  -1.3760929e-02
   4.2533517e-01  -3.8589108e-01   2.8737998e-01   4.6678427e-01   1.4866620e+00   3.3863679e-01  -7.6277715e-01   1.0981014e+00   6.4824957e-01   7.4316090e-01  -8.0654895e-01   2.7418175e-01  -1.2273796e+00  -1.2386712e-01  -2.2522682e-01   1.4149016e+00   1.3478540e-01   2.9135734e-01   3.0792233e-01  -7.2823726e-02   4.3316272e-01  -7.4855441e-01  -6.9718713e-01  -7.3980439e-01
  -2.1293089e-01  -2.6847434e-01  -1.3621919e-01   6.0133331e-02   8.2918131e-01  -4.4304397e-02   1.5629944e-01  -4.1526121e-01  -1.4367340e+00   1.2615037e+00   2.8007442e-01   8.7838256e-01  -6.0048640e-01   2.7857298e-01  -6.5909362e-01  -2.9594727e-02  -2.9253528e-01  -3.2526556e-01   9.3123937e-01  -1.7834611e-01  -9.2611080e-01   2.2414126e-01   6.2860727e-01  -1.7892787e+00
   1.3559356e+00   2.6378694e-01   1.3277033e-01   1.3931631e-01   1.6988314e+00  -2.4680640e-01   1.7772876e-01   7.2168157e-02   1.2457852e-01  -9.6796924e-01   8.9929514e-02  -9.2933372e-02   2.0004449e-02   1.9752424e-02   4.1995507e-01  -3.5591432e-01  -3.5148934e-02   2.4512494e-02   6.4747430e-02   2.3764601e-01  -3.5561457e-01  -2.5167662e-01  -1.8125527e-02   2.3548694e+00
   4.5429567e-01   1.3568822e+00  -5.5357558e-01   1.8842939e-01   1.2476910e+00  -2.7841961e-01   1.2073003e-01   4.1489881e-01  -1.1158509e-01  -1.1022346e+00   2.9663935e-01  -1.5480322e-01  -1.9986592e-01   8.2181722e-02  -2.8473496e-02   2.7142167e-01   9.7508907e-02   1.0064746e+00   2.2244446e+00   4.4466686e-01  -1.4648509e-01   1.4383180e-02   9.0054169e-02   3.6179996e-01
   7.1377987e-01  -2.5657955e-01   2.1661754e-01  -2.5153387e-01   2.0811439e+00   2.9338524e-02   9.5246929e-01  -4.2586660e-01  -9.8952673e-02  -4.2800778e-01   2.6823781e-02  -5.9275966e-02   2.1539587e-01  -8.6953974e-01   2.7571043e-01   2.0637622e+00  -1.4006963e-01   4.5828316e-02   2.5343341e-01  -2.0225196e-01  -1.3304543e-01  -2.4034604e-01   4.6609783e-01   3.7349951e-01
  -1.1695155e+00  -3.8547742e-01  -6.8724275e-01  -5.0193441e-01   1.7260480e-01  -2.9036736e-01   2.1848844e-01  -1.7559479e-01  -2.7949795e-01  -1.2990030e+00   1.6922630e-01  -9.6441668e-01   3.3491921e-01   5.9440559e-01  -3.6913332e-01  -7.7653199e-01  -1.3735439e+00   7.4695639e-02   1.7713385e+00  -7.0027865e-02  -7.5972363e-02  -4.9045342e-01   3.2615863e-02   5.9630775e-01
   1.3158742e+00  -2.7564174e-02   2.1518372e-02  -1.5554203e-01   1.7204562e+00  -2.5098810e-01   1.3617718e-01  -2.4420948e-01  -1.0266567e+00  -2.1482025e-01  -1.1467229e-01   5.3597867e-02   7.2851993e-02  -1.2213653e-01   9.4699854e-01   7.7609771e-01  -1.1478733e-01  -3.0949086e-01   1.9984401e+00  -1.2184334e-01  -1.1086509e-01  -5.5697404e-02   3.2526755e-01  -5.1729816e-01
  -1.7287532e-02   1.0751718e+00  -2.4216111e-01   1.1224791e-01   2.0654631e+00   4.0318906e-01   2.1093065e-01   5.5328059e-01  -3.4967098e-02  -2.3840518e-01   8.2904778e-02   6.7721230e-01   4.0909177e-01   3.5934657e-01   1.2665147e+00  -1.7448862e+00   4.4712454e-02   2.0689338e-01   5.0898302e-01  -3.1908047e-01  -1.0275952e-01  -7.1403012e-02  -4.3984689e-02   3.1805634e-01
   1.5735786e+00  -1.3159136e+00   2.4685232e-01  -1.2765594e+00   3.2227285e-02   5.6463003e-01   1.8184604e-01   1.9894858e-01   2.9423015e-02   3.8458180e-01   9.3296126e-02  -1.5049976e-01   4.3663511e-01  -8.4671271e-01   7.8593689e-01   1.4724871e+00  -4.8660502e-01  -2.2723138e-01   8.5542953e-01  -5.3671771e-01   2.4248315e-01  -2.6233295e-01   1.0952669e-01   6.2267262e-01
   3.9989874e-02   2.9176226e-01   5.2815218e-02   8.9785695e-02   1.0338359e+00  -7.1229142e-01   3.0478543e-01  -4.7790134e-01   1.1517505e-01  -1.7886578e+00  -3.9121139e-01  -7.0439804e-01   2.7953595e-01  -5.4529577e-01  -1.6762599e-01   2.9221854e-01  -4.4532365e-01  -1.5016165e-01   1.3121910e+00  -1.0115948e-02   6.5809005e-01  -3.0839181e-01  -1.2296714e+00   1.2927154e+00
  -1.4663084e-01  -6.4138126e-01   7.2298348e-03  -2.9819012e-01   1.5224495e+00   9.8731793e-02   5.9273118e-01   1.0149048e-01  -4.5301366e-01   1.4153190e+00  -2.8573322e-01   4.7906363e-01  -6.1252576e-01  -3.8714391e-01   1.3041275e+00   1.1310543e+00  -6.5324551e-01  -1.3193357e-01   1.3154035e+00   5.3037024e-01  -7.3892206e-02  -2.3772731e-01   7.3796369e-02   4.9111897e-01
   1.5678297e-01  -2.3522668e-01  -1.9125769e-01   7.6753765e-02   1.3869797e+00   1.1639282e-01  -7.2289383e-01  -6.3980740e-01  -1.2798092e+00  -6.4850152e-01   4.6457109e-01   8.5639757e-01  -7.1729559e-01  -9.1911966e-01  -1.5269548e-01  -1.7047864e+00   6.5460563e-01  -3.4638575e-01   1.0215995e+00   2.4709851e-01  -8.2979396e-02   9.8433472e-02  -1.8847753e-01   8.0604538e-02
  -1.2938336e-01  -1.1826544e-01  -6.7800112e-02  -3.1459518e-02   5.8001649e-01   4.0345386e-01   7.9733312e-02   1.1077653e-01  -2.1615071e+00  -6.2037462e-01  -2.7482778e-01  -4.0137121e-01   2.4203114e-01   1.9343686e-01   3.6418623e-01   2.3884083e-01  -3.8013723e-01   3.7380534e-01   2.2544739e+00   1.8899222e-01   1.7126755e-01  -5.9481345e-02  -5.0121731e-01  -4.2413339e-01
  -2.0505264e+00  -7.9494148e-01  -1.6665161e-01   7.0039608e-02   1.7149256e-01  -4.2079842e-01  -1.0810429e-02  -4.9304415e-02  -9.5439446e-01  -3.1444646e-02  -1.0747106e-01   1.2455435e-02  -9.2585087e-03  -1.2291464e-01  -6.0477948e-01  -6.2034738e-01   1.1383469e-01  -5.4461125e-02   1.2863854e+00  -9.4197297e-01  -1.1619896e-01  -2.1208901e-02  -1.5822030e+00  -3.9624870e-01
   1.0314013e+00  -7.7563655e-01   3.6931527e-01  -5.0621957e-02   1.5009919e+00   6.1299103e-01   4.0060920e-01   3.8910311e-01  -1.1010458e+00   6.5030836e-02  -4.2831001e-01  -1.1764503e-01  -3.2772380e-01   2.2720413e-01   1.3747977e+00  -1.9044039e-01   7.3080793e-02   3.6126506e-02  -1.9871788e-01  -1.1961989e-01   5.5978721e-01   1.0149325e-01  -1.2919673e+00  -1.3048187e+00
  -6.0299802e-01  -5.6023729e-01   4.2347723e-01   4.8067231e-02  -3.3070409e-01   3.5832825e-01   7.0255749e-02  -2.2975639e-01  -1.8104521e+00  -7.9891187e-01   1.1115785e+00  -1.2708342e-01   4.4992986e-01   1.7769307e-02   9.8590487e-01  -6.8738574e-01   4.3909073e-01   1.9670187e-01   8.8479614e-01   1.7305471e-02  -8.5698748e-01   9.6673835e-03  -1.3603811e+00   6.5617681e-01
  -5.9673327e-01  -1.5615502e-01  -1.7867130e-01   1.5235433e-01   2.1203480e+00   5.2377265e-02   4.5826733e-01  -8.1742078e-01  -8.1608009e-01  -2.1166706e-01  -3.3680034e-01   3.0460563e-01   5.2562609e-02  -1.0032003e-01   4.7685045e-01   8.1210899e-01   9.2551224e-02  -2.1038373e-01   5.9875780e-01   7.0396459e-01   5.3531456e-01   2.4062431e-01  -1.4652944e+00   9.8609710e-01
  -1.6028130e+00   1.0619463e+00   4.1452459e-01  -3.5180185e-02   1.3830123e+00  -1.8130839e-01  -3.1186220e-01  -8.6388886e-02  -1.9461500e-02  -5.7945661e-03   9.5194662e-03   1.3741009e-02  -4.6672251e-02   1.2503573e-01   1.9675793e-01   4.2805898e-01   3.9172807e-01   1.1307813e-01   1.6643760e+00   4.2467478e-01  -3.8217935e-01  -1.6474418e-01  -1.4821945e+00  -5.9378898e-01
