   9.2635643e-01   7.1884984e-01  -2.6226958e-02   7.0171922e-02   1.3970141e+00   1.5371348e-01  -6.6227192e-01   3.8863033e-01  -7.3728544e-01  -3.0874640e-01   1.2617576e+00  -2.1152425e-01  -1.0207880e-01  -2.2543870e-02   1.3181858e+00   1.7424801e-01
   1.6931510e+00   9.3055479e-02  -1.5246925e-01  -3.6596704e-01   1.9567265e-01   7.3083174e-01  -3.0622420e-01  -4.8490664e-01  -2.8772253e-01  -6.6151279e-01   1.7108084e+00   1.6766258e-01  -5.9247579e-02  -1.6817749e-01   1.4266254e-01  -7.3388344e-01
   7.4615425e-01   2.3017009e-01  -9.3504541e-02  -1.7301535e-02  -3.9529091e-01  -1.7081034e+00  -5.7829416e-01  -1.2333594e-01   4.4764340e-01   3.0221406e-01   7.9402077e-01  -1.0378318e-01   4.5337759e-02   1.5043491e-01  -2.5954944e-01   1.7125175e+00
   1.3192894e+00  -2.6536241e-01   2.1976924e-01  -8.2560137e-02  -8.4506541e-01   8.9244467e-01  -7.3394674e-01  -6.4314000e-02   5.6271452e-01  -5.7522255e-01   1.3088250e+00   5.5276424e-01   2.7253391e-02   1.7376211e-01  -8.5227519e-01  -8.1063378e-01
   3.2562467e-01   2.5991404e-01   1.1571445e-01  -7.1418390e-02   1.6283351e+00   8.0783361e-01   7.5707561e-01  -1.4507482e-03   1.6259144e-01  -2.1340454e-01   3.6115661e-01  -1.0460481e-01  -5.3988880e-01  -3.9860454e-01   1.7899942e+00  -2.5077653e-01
   1.0786133e+00   1.8142536e-01   3.6265865e-02  -1.3272624e-02   4.7253820e-01   1.4097027e+00  -1.4109334e-01   7.1178728e-01   5.9775954e-01  -4.7673830e-01   1.1883519e+00  -8.1311829e-02  -5.2188389e-02  -7.6184869e-02   2.6457748e-01  -1.4082497e+00
   1.2673917e+00   6.9534314e-01   3.8348243e-02  -3.1036428e-01   1.1281541e-01  -1.0737722e+00  -1.8071197e-01   7.6417696e-01  -8.1476921e-01  -7.2606973e-02   1.4430190e+00  -4.4919527e-01   2.6793653e-01  -5.9928142e-02   1.2474863e-01   9.9294382e-01
   7.3659497e-01  -7.4016252e-03  -3.5540274e-01   1.1968609e-01  -1.5190219e+00   4.5520535e-01   9.2070770e-01   3.9252156e-01   6.7408696e-02   6.1312044e-01   7.7986473e-01   4.6837170e-02  -6.9074231e-01  -2.9180199e-01  -1.4653730e+00  -3.1604958e-01
   1.0636885e+00   3.8938233e-01   1.1136449e-01  -2.5334448e-02   1.1755296e+00   9.0926313e-01   4.6052787e-01  -6.5384507e-01  -2.2460274e-01   6.6059381e-01   1.2068102e+00   1.0514116e-01  -9.3429424e-02   1.1295507e-01   1.2283576e+00  -6.0913813e-01
   6.3522339e-01  -1.6180032e-01   1.2757568e-01  -8.2200833e-02  -7.0620559e-02   1.8139418e+00   1.6558762e-01  -4.6312100e-01  -4.3262914e-01  -2.6431999e-01   5.9488595e-01   2.9407293e-01  -1.3312042e-01   1.3626551e-02  -2.1715015e-01  -1.8020946e+00
   1.6909254e+00   3.3776525e-01   4.2193553e-01   2.7039909e-01   4.3982440e-01  -5.1908326e-01  -1.4939344e-01  -4.8040819e-01  -1.2809876e-01   7.0905310e-01   1.7245483e+00  -3.3681321e-01  -1.2014966e-01  -1.7375824e-01   4.7138458e-01   4.3131235e-01
   1.3349065e+00   1.7707151e-01   2.8425491e-01   2.1588233e-01  -1.1316408e+00  -3.6550513e-01   3.1793576e-01  -7.0292175e-01  -3.4938121e-01  -7.5328112e-01   1.4019393e+00   2.7618450e-01   2.4536121e-01  -1.5087703e-01  -1.0862734e+00   2.3603106e-01
   1.6390651e+00   4.2029411e-01   4.9502157e-02   1.2861650e-02   7.8442216e-01   1.7472334e-01   3.9863944e-01   4.5758358e-01   5.3650117e-01  -4.4028240e-01   1.7438650e+00   6.5781586e-02  -6.2093463e-02   7.3710985e-02   7.5981611e-01  -7.9846911e-02
   1.3321633e+00  -1.0752128e-01  -2.5316903e-01  -2.6936933e-02  -9.9359393e-02   1.2261920e+00   8.0583090e-01  -1.4568609e-01  -3.2911450e-02   8.0872273e-01   1.4435921e+00   1.6714554e-01   5.6123771e-02  -2.0517185e-01  -3.4131590e-01  -1.0179386e+00
   1.0290194e+00   3.8475275e-01   4.5319146e-01  -6.1924640e-02   5.3827852e-01  -1.2565964e+00   7.2985142e-01  -5.4967082e-01   4.9691457e-02  -7.8645843e-01   1.1529644e+00  -2.1006475e-01   1.1053728e-01  -5.3953767e-01   5.3084248e-01   1.1404884e+00
   1.8315009e+00   5.3117281e-01   3.4600276e-01  -2.9299989e-01  -3.1374490e-01  -4.8646100e-02   1.0499018e-01   2.3312005e-01  -4.0817806e-01  -2.6782808e-01   1.8804449e+00  -2.0023091e-01   3.9220568e-02   1.5092599e-01  -3.8799584e-01   4.8570562e-02
